


Student 1 Email: zaid.al.khishman@mail.utoronto.ca
Student 1 Name: Zaid Al-Khishman
Student 1 Student Number: 999280665
Student 2 Email: nayeem.zen@mail.utoronto.ca
Student 2 Name: Nayeem Husain Zen
Student 2 Student Number: 998927924
Team Name: 0xdefec8ed
6 1
23 1
35 6798
55 1
79 13596
106 6797
112 6798
120 6798
129 16793
141 6798
150 1
168 1
196 6798
220 1
248 1
295 1
304 6797
322 16792
333 6797
335 6797
342 16792
358 6797
360 16792
416 1
432 6798
449 6797
459 16792
472 6798
534 1
543 6798
554 1
555 6798
565 6798
569 16792
576 16792
580 6798
594 1
599 6798
644 6799
650 6798
658 6799
695 16792
768 6797
785 6799
790 6798
803 6798
885 16792
925 16792
993 6798
994 6798
998 1
1051 1
1139 16792
1140 6798
1158 6798
1197 6798
1255 6798
1285 6798
1325 1
1327 6798
1356 6798
1373 6798
1416 16792
1443 16792
1485 1
1496 1
1552 6798
1557 6798
1595 6798
1601 23590
1608 6798
1626 1
1649 16792
1656 6798
1657 6798
1664 6797
1665 6797
1669 1
1682 6798
1688 13596
1689 1
1691 16792
1695 6798
1728 16792
1766 6798
1806 6798
1812 6798
1859 6798
1868 6798
1890 16792
1948 6799
2012 16792
2072 6798
2112 6798
2120 6798
2136 6798
2142 6797
2143 6798
2164 1
2197 1
2240 16792
2243 6798
2245 1
2255 1
2292 6797
2300 1
2312 6798
2350 1
2358 6798
2367 6798
2368 16792
2370 1
2388 2
2400 16792
2405 6798
2416 6798
2433 6798
2442 13595
2474 6798
2517 1
2546 1
2582 6798
2593 6798
2604 16792
2611 6797
2621 16792
2651 6798
2693 16792
2716 6798
2745 6798
2764 6798
2779 6799
2800 6798
2803 6798
2814 16792
2842 16792
2844 6798
2925 6798
2944 1
2981 6798
2987 1
2994 13596
3015 6798
3017 16792
3018 1
3079 1
3113 6798
3136 16792
3153 6798
3186 1
3208 6797
3219 16792
3246 6798
3297 6798
3302 6798
3314 1
3321 6798
3327 16792
3339 1
3359 1
3360 6798
3366 6798
3367 1
3399 6798
3400 6798
3402 1
3495 1
3512 6798
3535 6798
3550 1
3607 6797
3616 1
3640 6798
3703 1
3728 6797
3754 1
3770 1
3837 6798
3839 6797
3851 6798
3928 6798
3930 1
3980 16792
3994 13596
3999 16792
4025 1
4076 23591
4088 6798
4108 1
4112 16792
4151 1
4158 16792
4223 1
4246 1
4251 16793
4257 6798
4260 6798
4263 1
4304 6798
4309 6798
4319 6798
4322 6798
4383 1
4389 6798
4425 6798
4433 1
4444 16792
4451 16792
4473 6798
4480 6798
4494 16792
4499 16792
4509 16792
4514 6798
4520 23590
4542 6798
4569 6798
4593 6798
4609 16792
4617 1
4632 6798
4666 16792
4680 2
4697 16792
4698 6798
4703 1
4712 16792
4715 16792
4716 1
4727 1
4730 1
4740 1
4749 6798
4763 6798
4764 6799
4837 23590
4869 1
4909 6798
4911 16792
4919 6798
4956 1
5013 16792
5119 6798
5126 13596
5138 1
5157 6798
5172 16792
5175 16792
5177 1
5203 16792
5210 6798
5225 6798
5267 6798
5281 16792
5285 16792
5308 1
5382 6798
5391 16792
5395 1
5405 6798
5448 16792
5450 16793
5480 16792
5506 6798
5598 40382
5626 6798
5658 6797
5660 16792
5665 6797
5691 1
5743 6798
5748 16792
5759 16792
5765 1
5786 6798
5805 6798
5806 6798
5827 6797
5993 6797
6001 6798
6005 16792
6029 6798
6032 16792
6036 6798
6044 16792
6046 6798
6075 1
6083 6798
6104 6798
6150 6798
6151 6798
6217 6798
6238 16792
6241 6798
6257 1
6282 6798
6328 6798
6329 6798
6331 6798
6344 6798
6377 6798
6392 1
6418 16792
6450 6798
6507 16792
6520 16792
6528 16792
6537 1
6561 1
6603 1
6644 6798
6695 6798
6703 16792
6743 16792
6748 1
6751 6798
6752 6798
6763 6798
6781 1
6789 6798
6792 6798
6866 2
6874 16792
6879 1
6925 16792
6953 16792
6962 6798
7018 16792
7023 16792
7062 6798
7078 16792
7138 6798
7177 1
7179 16792
7183 6798
7212 16792
7215 6798
7232 6798
7298 13596
7340 1
7349 16792
7357 1
7408 6798
7416 6798
7424 1
7440 6798
7463 6798
7480 6798
7486 1
7555 2
7590 6798
7598 1
7601 6798
7632 6798
7657 6798
7669 16792
7684 16792
7686 6798
7704 6798
7714 6798
7728 16792
7732 6798
7738 1
7741 6798
7746 1
7756 1
7761 6798
7768 1
7771 16792
7792 6798
7816 6798
7834 6798
7840 1
7850 1
7851 6798
7852 6798
7859 6798
7903 6798
7907 1
7915 6798
7972 6798
7986 1
8015 16792
8017 6799
8018 16792
8021 1
8028 6798
8029 6798
8077 16792
8090 1
8100 1
8107 6798
8115 6798
8164 6798
8178 6798
8184 6798
8205 1
8215 16792
8216 16792
8227 16792
8313 16792
8314 6798
8330 6798
8389 6797
8400 16792
8420 1
8460 1
8474 6799
8484 1
8502 16792
8512 6798
8550 6798
8600 16792
8609 6798
8611 16792
8624 6798
8627 6798
8643 6798
8683 16792
8725 6798
8757 6797
8821 6798
8847 1
8857 6798
8859 16792
8939 6798
8943 16792
8953 16792
8954 6798
9010 13595
9016 16792
9033 6798
9039 6798
9051 1
9063 6798
9163 1
9203 16792
9239 1
9240 16792
9242 6798
9246 6798
9247 6798
9268 6799
9284 16792
9299 16792
9308 16792
9322 16792
9339 6798
9340 1
9390 6798
9423 6798
9432 1
9476 16792
9485 16792
9496 16792
9528 6798
9546 6798
9547 6797
9560 1
9565 16792
9569 6798
9638 1
9702 6798
9726 6798
9727 1
9734 6798
9737 6798
9763 6798
9767 6797
9803 16792
9804 1
9807 6798
9811 6797
9815 16792
9819 6797
9890 6799
9905 6798
9930 16792
9987 6798
10025 6798
10038 1
10110 6798
10118 6798
10146 6798
10157 16792
10174 6798
10182 1
10231 6797
10241 6797
10263 16792
10265 6798
10279 16792
10333 1
10345 1
10360 6798
10374 6798
10384 16792
10409 6798
10418 13595
10425 6797
10445 6798
10458 6798
10469 6798
10474 1
10477 16792
10486 6798
10493 16792
10507 16792
10509 6798
10522 6798
10530 6798
10538 1
10555 1
10560 6798
10566 1
10579 16792
10591 16792
10600 16792
10615 6798
10619 1
10625 6798
10628 6798
10642 6797
10664 6798
10674 6798
10706 6798
10731 6798
10755 6798
10765 6798
10804 16792
10810 6798
10826 1
10841 16792
10854 6798
10857 6798
10906 16792
10921 6798
10935 6798
10961 6798
10986 1
10996 1
11024 1
11043 6798
11092 1
11100 6798
11118 6798
11133 6799
11168 6798
11216 16792
11221 1
11222 6798
11227 16792
11228 16792
11263 16792
11296 16792
11315 6798
11341 6798
11349 16792
11373 6798
11398 13595
11406 6798
11430 6798
11458 6798
11479 6798
11483 1
11499 13595
11507 1
11519 1
11531 1
11536 6798
11542 23590
11549 1
11563 6798
11567 6798
11583 6798
11591 16792
11600 6798
11629 16792
11643 6798
11645 16792
11651 6798
11658 6798
11701 16792
11706 6798
11768 1
11801 6798
11838 6798
11849 16792
11850 6798
11864 1
11870 6798
11878 1
11893 16792
11951 6797
11960 1
11973 6798
11982 6798
12009 6798
12020 16792
12022 1
12025 6798
12043 6798
12053 6797
12059 1
12079 1
12080 6798
12086 16792
12091 1
12094 6798
12103 16792
12191 6798
12225 1
12230 1
12323 16792
12360 6798
12366 6798
12385 1
12391 6798
12415 16792
12425 6798
12426 6799
12439 6798
12449 16792
12455 6798
12492 6797
12505 1
12546 6798
12578 6798
12590 6798
12620 6798
12668 1
12696 6798
12742 6798
12756 6798
12757 6798
12771 6798
12776 1
12812 6798
12829 16792
12833 6798
12837 16792
12838 6799
12845 6798
12875 6798
12903 6798
12905 6798
12923 1
12927 6799
12967 1
12972 6798
12987 6798
12993 6798
13002 1
13016 6798
13064 6797
13074 1
13090 16792
13109 6798
13110 6798
13112 1
13128 16792
13136 6798
13141 1
13157 6798
13178 1
13193 1
13241 6798
13249 6798
13274 1
13316 6797
13320 1
13324 6798
13345 16792
13414 16792
13438 16792
13439 16792
13456 16792
13459 6798
13478 16793
13493 16792
13495 6798
13503 6798
13527 1
13541 6798
13607 1
13672 1
13681 1
13682 1
13692 23589
13700 6798
13728 16792
13729 6798
13730 1
13753 16792
13781 6798
13793 16792
13812 6798
13832 16792
13844 6798
13873 1
13887 6798
13899 1
13906 16792
13929 13596
13954 6797
13972 16792
13974 16792
14024 6798
14027 1
14036 16792
14044 6798
14069 6797
14138 6798
14140 1
14144 1
14181 6798
14203 1
14225 1
14226 1
14250 16792
14264 6798
14275 6797
14292 6798
14304 6798
14331 6798
14338 16792
14361 1
14366 6798
14368 1
14377 1
14393 6797
14464 1
14486 1
14532 6798
14581 1
14621 6798
14638 6798
14684 6797
14704 6798
14709 1
14728 1
14733 6798
14744 6798
14787 16792
14802 16792
14818 16792
14820 1
14848 16792
14948 6798
14975 6797
14982 6798
15003 6798
15015 6798
15026 6798
15068 1
15085 6798
15089 6798
15092 6798
15105 16792
15113 1
15117 1
15131 6798
15147 16792
15178 6798
15192 6797
15197 6798
15284 6798
15294 16792
15307 16792
15308 1
15324 16792
15325 30387
15389 6798
15399 16792
15403 1
15419 16792
15525 16792
15526 2
15530 6798
15570 16792
15572 16792
15605 6798
15645 6798
15646 6798
15648 16792
15656 6798
15668 6798
15677 16793
15678 1
15680 1
15743 6798
15745 6798
15748 6798
15753 6798
15757 6800
15764 6798
15765 6798
15785 6798
15787 1
15791 6798
15798 16792
15814 6798
15825 16792
15855 6798
15876 6798
15878 6798
15917 6798
15921 16792
15938 1
15942 6797
15956 1
15965 6798
15970 6798
15990 6798
15998 16792
16008 16792
16027 1
16028 16792
16037 1
16042 1
16073 1
16078 6798
16110 16792
16119 16792
16146 16792
16178 1
16184 6798
16191 16793
16193 1
16264 16792
16284 6797
16305 16792
16315 16792
16319 6798
16326 6798
16332 1
16334 6799
16365 16792
16372 1
16387 16793
16430 1
16458 6798
16471 6797
16474 1
16506 1
16508 6798
16513 16792
16532 1
16542 6798
16557 16793
16571 1
16588 6798
16628 6798
16641 6798
16653 6798
16663 16792
16685 16792
16699 6798
16709 1
16711 16792
16718 1
16721 6798
16731 16792
16738 16792
16756 6798
16784 16792
16787 6798
16805 6798
16837 6798
16841 1
16845 6798
16848 6798
16854 1
16885 6798
16897 6797
16906 1
16917 1
17007 1
17051 6797
17066 1
17071 6798
17077 6798
17127 6798
17176 6798
17203 16792
17233 16792
17241 6798
17246 1
17256 6798
17297 1
17319 6798
17333 16792
17407 16792
17410 6798
17428 1
17445 6798
17485 6799
17496 6798
17512 6798
17532 16792
17537 6798
17546 6798
17551 6798
17583 6798
17606 1
17638 6798
17639 6798
17656 1
17658 6798
17676 6798
17685 1
17687 16792
17729 16792
17741 1
17770 6798
17797 6798
17798 6798
17799 16792
17820 16792
17840 1
17860 1
17920 6798
17929 6798
17949 6798
17964 1
17974 6798
17980 1
18007 16792
18049 6798
18111 6798
18112 16792
18113 6798
18129 16792
18147 6798
18156 6798
18182 16792
18183 1
18187 16792
18213 6798
18234 1
18265 16792
18272 6798
18309 1
18311 6798
18312 6798
18387 1
18461 1
18485 1
18501 6798
18509 6798
18527 6797
18531 1
18534 6798
18541 6798
18558 1
18559 1
18568 6798
18577 6798
18589 6798
18593 6798
18595 6799
18650 6797
18669 16792
18686 6798
18697 6798
18753 6798
18778 16792
18782 6798
18796 1
18820 1
18839 6798
18846 1
18852 6798
18863 16792
18905 16792
18920 6798
18981 6798
18982 1
19019 16792
19020 6798
19033 6798
19045 6797
19084 1
19085 16792
19094 6798
19154 16792
19165 1
19167 16792
19169 6798
19191 6798
19195 16792
19200 1
19242 6798
19326 13595
19355 1
19380 6798
19414 16792
19416 6798
19418 6798
19459 6798
19466 6797
19472 6797
19484 1
19488 6798
19499 6798
19502 6798
19529 6798
19565 16792
19580 1
19587 6798
19589 1
19594 6798
19596 16792
19607 6798
19636 6798
19640 6798
19647 1
19652 1
19673 16792
19682 1
19692 16792
19696 16792
19739 1
19746 6798
19790 6798
19792 1
19812 6798
19833 1
19849 6798
19856 6798
19874 6798
19903 6798
19906 16792
19932 6798
19937 6798
19976 6797
19989 16792
19995 16792
20063 6798
20065 16792
20110 6798
20112 6797
20160 16792
20161 6798
20200 6798
20217 16792
20221 6797
20226 6797
20231 6798
20257 16792
20267 1
20278 1
20295 1
20305 6798
20309 16792
20317 6798
20318 33584
20347 6798
20383 1
20394 6798
20425 6798
20473 6797
20475 6798
20478 6798
20518 6798
20520 6798
20527 16792
20538 1
20559 6798
20565 6798
20568 16792
20569 6798
20581 6798
20584 6797
20588 1
20593 16793
20600 6797
20608 6797
20618 6798
20636 1
20677 16792
20686 6797
20743 1
20752 6797
20773 6798
20778 1
20804 16792
20808 16792
20840 6798
20853 1
20861 6798
20880 6798
20911 1
20933 6798
20986 1
21028 6798
21034 1
21084 6798
21096 1
21101 1
21104 1
21119 6797
21133 23589
21136 6798
21164 6797
21166 16792
21175 1
21195 1
21205 6798
21207 1
21212 6798
21218 16792
21233 6798
21254 16792
21303 6798
21347 6798
21357 6798
21370 1
21469 6797
21498 1
21516 6798
21554 6798
21573 6798
21607 16792
21618 1
21634 6798
21645 1
21682 6798
21736 6798
21765 6798
21796 6798
21803 6798
21810 6797
21818 1
21822 1
21828 6799
21890 1
21912 16792
21925 6798
21949 6797
21951 1
21983 16792
21998 16792
22068 16792
22093 6798
22113 1
22141 1
22149 6797
22160 6798
22162 16792
22185 6798
22190 6798
22216 6798
22226 6798
22237 16792
22240 1
22243 1
22262 6798
22276 6798
22309 6798
22331 6798
22335 6797
22363 1
22380 6798
22385 1
22386 1
22389 16792
22412 1
22416 16792
22470 1
22507 6798
22515 16792
22542 6799
22545 16792
22572 16792
22574 16792
22620 6798
22626 16793
22627 6798
22629 6798
22644 6798
22660 1
22673 6798
22680 6798
22681 6798
22687 1
22711 1
22721 6797
22808 1
22811 6798
22818 16792
22833 6798
22863 6798
22870 16792
22872 1
22876 1
22881 6798
22887 6797
22898 16792
22900 6798
22915 6798
22931 6798
22932 6797
22940 6798
22977 6798
22990 6798
22994 6798
23007 1
23109 16792
23112 16792
23117 6799
23122 6798
23147 6798
23148 16792
23171 6799
23174 16792
23222 6798
23237 6798
23252 6798
23264 6798
23267 6798
23274 6798
23308 16792
23357 16793
23360 1
23367 6798
23376 1
23380 6798
23384 6798
23392 1
23393 16792
23427 2
23479 16792
23495 6797
23544 6798
23546 16792
23597 6798
23611 6798
23618 16792
23641 16792
23646 6797
23660 16792
23687 1
23693 1
23696 6798
23732 1
23739 6797
23762 16792
23764 1
23822 1
23841 6798
23870 16792
23893 6798
23896 6798
23925 6798
23930 1
23990 6797
24014 1
24039 6798
24048 6798
24076 16792
24078 1
24079 16792
24082 1
24086 6798
24107 6798
24135 6798
24170 6798
24193 6798
24198 6797
24211 6798
24225 16792
24240 1
24250 6798
24255 1
24274 1
24284 16792
24346 6798
24361 6797
24366 1
24374 1
24383 16792
24385 6798
24394 6797
24400 1
24426 6799
24427 6798
24449 16792
24451 6798
24479 16792
24480 16793
24504 6798
24514 6798
24546 6798
24565 6798
24570 1
24575 6798
24596 23590
24607 16792
24618 6798
24646 1
24653 6798
24666 16792
24669 16792
24672 6798
24704 16792
24730 6797
24782 1
24806 6797
24822 6798
24838 1
24854 1
24857 6798
24865 6798
24906 1
24922 1
24933 6798
24939 16792
24953 1
24982 16792
24988 6798
24994 6798
25004 6798
25005 6798
25006 6798
25025 16793
25037 16792
25164 1
25187 6798
25194 6798
25228 16792
25232 1
25235 16792
25237 1
25251 1
25264 1
25292 1
25327 6798
25328 16793
25330 6798
25340 6797
25375 1
25387 1
25402 6798
25419 16792
25426 16793
25449 16792
25457 1
25473 13595
25477 1
25513 1
25517 16792
25536 16792
25539 1
25567 6798
25677 16792
25706 16792
25730 6798
25736 1
25743 1
25777 1
25782 6798
25806 6798
25814 1
25835 1
25864 6798
25883 1
25931 6798
26003 6798
26038 6798
26039 6797
26049 16792
26057 1
26090 16792
26096 6798
26097 6798
26107 6798
26138 6798
26141 6798
26143 1
26194 16792
26222 6798
26225 6798
26227 6798
26289 6798
26294 6798
26325 1
26333 1
26356 6798
26358 1
26483 6797
26552 1
26558 6798
26564 16792
26570 6799
26576 1
26621 6798
26634 1
26648 6798
26652 1
26667 6798
26696 6799
26719 1
26778 1
26786 16792
26793 6798
26841 1
26902 16792
26937 6798
26960 6798
26974 1
26976 6798
26989 16792
27023 6798
27062 6798
27075 16792
27122 6798
27128 6798
27129 6797
27141 6798
27168 6798
27186 16792
27196 6797
27200 16792
27218 6798
27238 6797
27251 16792
27257 1
27270 1
27274 16792
27296 6798
27312 6798
27353 6798
27366 1
27376 6798
27385 6798
27420 16792
27440 6798
27441 6798
27448 1
27457 6798
27458 16793
27463 6798
27499 6798
27503 6798
27505 6799
27518 16792
27537 6798
27539 16792
27549 6798
27568 16792
27582 16792
27584 16792
27596 16792
27610 16792
27628 6797
27642 16792
27686 6798
27687 6798
27694 6798
27699 16792
27708 6799
27742 1
27762 1
27816 6798
27821 6797
27846 6798
27850 16792
27859 1
27874 6798
27904 6798
27943 6798
27948 1
27954 16792
27961 1
27973 6798
28026 6798
28027 6798
28074 6798
28076 1
28077 6797
28082 1
28084 1
28088 16792
28091 6798
28093 16792
28106 16792
28132 6798
28177 6798
28205 6798
28206 6798
28209 6798
28279 6798
28282 6798
28284 6798
28293 6798
28303 6798
28325 6798
28353 16792
28373 6798
28376 16792
28377 16792
28398 16792
28489 6797
28498 6798
28550 1
28576 6798
28593 16792
28605 16792
28628 6798
28643 16792
28675 6798
28678 6798
28704 16792
28715 16792
28723 16792
28732 6798
28752 6798
28765 6798
28783 6798
28807 6798
28839 1
28861 6799
28863 6798
28875 6798
28876 6798
28925 6797
28933 16792
28940 1
28993 6798
29007 6798
29040 6798
29055 6798
29061 1
29093 1
29105 6798
29166 6798
29179 16792
29182 6798
29189 6798
29191 6797
29237 1
29240 6798
29245 1
29260 16792
29272 1
29291 1
29318 16792
29319 33583
29323 6798
29348 6797
29352 1
29367 1
29368 16792
29372 6798
29378 6798
29429 1
29437 1
29469 6798
29472 6798
29475 1
29476 1
29479 6798
29485 6798
29486 16792
29508 6798
29528 6798
29548 1
29574 1
29575 23590
29624 6798
29626 6798
29634 6798
29642 6798
29645 1
29668 6798
29704 6797
29729 6799
29737 1
29738 6798
29769 6798
29785 6797
29796 6798
29810 6798
29815 6798
29822 6799
29847 6797
29869 13596
29872 6797
29893 1
29908 16792
29909 1
29911 16792
29949 16792
29962 16793
29975 33585
29976 6799
29984 6798
29988 6798
30012 1
30025 6798
30030 1
30039 6797
30094 6798
30123 6798
30140 16792
30182 6798
30221 6798
30222 1
30230 6798
30239 1
30264 6798
30277 6798
30295 16792
30317 6798
30340 6797
30350 13596
30358 16792
30387 16792
30420 16792
30463 16792
30470 16792
30555 6799
30594 6799
30597 16792
30608 16792
30644 6798
30654 6797
30685 1
30726 6798
30749 6798
30750 6799
30756 6798
30761 16792
30766 6798
30786 6798
30790 6798
30798 6798
30810 6798
30827 6798
30846 1
30864 1
30872 6799
30877 1
30916 1
30931 6798
30943 1
30977 16792
31006 1
31016 6799
31022 6798
31052 6798
31071 1
31072 6798
31129 16792
31130 16792
31131 6798
31138 23590
31148 16792
31162 6798
31164 1
31181 6798
31183 6798
31200 1
31206 6798
31219 1
31269 6798
31271 6798
31287 6797
31312 1
31316 6798
31322 6797
31328 6798
31343 6798
31378 1
31385 6798
31431 6798
31461 6798
31481 16792
31489 6798
31499 6798
31516 6798
31518 1
31525 16792
31532 6798
31545 1
31552 6798
31591 6798
31598 6798
31605 6798
31641 6798
31644 16792
31654 16792
31693 6798
31774 6798
31782 1
31821 16792
31833 6798
31839 1
31847 6798
31866 6797
31874 6798
31898 6798
31905 6797
31911 6798
31928 1
31935 6798
31949 6798
31969 1
32002 16793
32004 16792
32025 6798
32038 6798
32044 6797
32051 2
32059 6798
32062 6798
32087 6798
32090 1
32118 1
32142 6798
32148 16792
32221 16792
32231 6798
32246 6798
32253 6798
32256 6797
32323 1
32341 6798
32352 16792
32448 1
32458 6798
32521 6798
32524 1
32525 6798
32550 6798
32563 6798
32571 1
32574 1
32587 6798
32607 1
32643 6798
32645 16792
32688 1
32691 6798
32698 16792
32773 6798
32785 1
32822 6798
32824 6798
32845 1
32846 1
32849 13596
32864 16792
32870 6798
32877 6798
32883 1
32893 6798
32902 6798
32904 1
32907 6797
32908 6798
32916 6798
32949 6798
32953 16792
32976 6798
33001 6798
33003 16792
33014 6799
33045 1
33054 1
33078 1
33088 1
33126 6798
33131 1
33141 1
33145 6797
33151 16792
33182 16792
33185 1
33212 6798
33223 16792
33250 6798
33271 1
33274 6798
33275 6798
33288 1
33307 6798
33363 6798
33384 6799
33387 6798
33439 6797
33454 16792
33472 6798
33474 16792
33475 1
33494 16792
33502 6798
33527 6798
33537 6798
33555 16792
33563 6798
33585 6798
33637 6797
33704 6798
33705 6797
33707 1
33725 6798
33740 6798
33751 6798
33772 6798
33776 6798
33798 6798
33818 16792
33820 16792
33833 23590
33865 16792
33868 6798
33893 16792
33898 16792
33908 1
33912 1
33917 6798
33940 6798
33997 6798
34007 16793
34038 16792
34093 16792
34136 16792
34146 16792
34171 16792
34204 16792
34209 6798
34230 6798
34250 6797
34253 6798
34256 6798
34258 6798
34263 1
34272 6798
34274 16792
34314 16792
34328 6798
34341 6798
34343 16792
34408 6798
34415 6798
34421 6798
34446 6797
34456 1
34516 16792
34544 6798
34563 1
34570 6799
34573 6798
34576 2
34607 6798
34608 6798
34626 6797
34632 6798
34686 16792
34720 6798
34732 6798
34762 16792
34766 16792
34783 1
34797 16792
34801 16793
34805 1
34822 6797
34832 16792
34849 16792
34896 6798
34918 1
34921 16792
34971 1
34972 6798
34987 6798
34993 6798
35025 6798
35028 1
35061 1
35124 1
35133 1
35184 6798
35205 6798
35206 1
35211 16792
35213 1
35255 6798
35264 6798
35299 6798
35302 6798
35303 6798
35330 23590
35332 6798
35368 16792
35389 16792
35410 16792
35417 1
35445 6798
35459 6798
35474 6798
35501 6797
35509 6797
35521 16792
35539 6797
35553 6798
35565 6798
35633 6798
35663 1
35701 6798
35755 6798
35780 6798
35790 6798
35807 6798
35835 6798
35867 6798
35869 6798
35875 6798
35885 6798
35903 6798
35939 6798
35957 6798
35958 6798
36000 1
36002 16792
36029 1
36032 6798
36064 6798
36070 1
36087 6798
36112 1
36114 1
36188 6798
36199 6798
36205 1
36239 13596
36248 6798
36322 1
36343 6798
36368 6798
36412 6798
36421 6798
36440 1
36476 16792
36489 6798
36517 6797
36527 1
36532 6798
36540 1
36556 16792
36629 6798
36659 6798
36668 6798
36671 1
36683 6798
36706 6798
36712 6798
36717 6798
36763 6797
36766 1
36775 6798
36799 6798
36803 1
36812 6797
36815 16792
36822 1
36830 6798
36862 1
36869 6798
36874 16792
36895 6798
36899 1
36906 6798
36912 6798
36975 16792
37011 6798
37020 6798
37087 16792
37092 6798
37093 6798
37095 16792
37113 6798
37118 6798
37133 1
37170 6798
37174 16792
37177 6798
37179 6798
37187 1
37198 16792
37213 16792
37216 1
37233 6798
37242 6798
37251 6798
37299 1
37305 6798
37342 16792
37356 16792
37376 6798
37413 16792
37421 1
37425 6798
37434 16792
37475 16792
37488 1
37512 1
37574 16792
37589 6798
37607 6798
37621 6797
37639 6798
37653 6798
37674 6799
37695 6798
37712 1
37750 6797
37783 6797
37784 1
37797 16792
37806 6798
37811 6797
37848 6798
37852 16792
37853 1
37915 6798
37919 6798
37924 6798
37933 6798
37971 6798
37986 1
37994 6798
38033 6798
38034 6798
38050 1
38104 6798
38113 6798
38120 1
38123 16792
38127 6798
38133 6798
38154 1
38158 6798
38177 6798
38190 1
38197 33584
38208 23590
38236 16792
38273 6798
38275 6798
38278 16792
38294 1
38311 6798
38358 6798
38382 16792
38394 16792
38404 6798
38417 1
38435 6797
38441 16792
38506 6798
38547 6798
38565 6798
38568 16792
38593 6798
38615 1
38625 1
38636 1
38693 6798
38719 16792
38723 1
38724 6798
38743 1
38750 6798
38785 1
38853 6798
38883 6797
38888 1
38901 6798
38932 6798
38961 6798
38992 6798
39047 1
39066 1
39079 6798
39085 6797
39087 6798
39095 6798
39112 16792
39113 1
39123 6798
39130 6798
39252 1
39258 6798
39373 1
39376 6799
39397 6798
39405 6798
39413 6797
39419 6798
39446 1
39470 6798
39484 16792
39574 6798
39575 1
39591 6798
39592 6798
39613 1
39638 1
39652 6799
39679 6798
39688 6798
39706 16792
39725 16792
39733 16792
39737 6798
39766 16792
39769 1
39795 16792
39859 16793
39870 16792
39974 1
39983 6798
39984 6798
39990 6798
40001 6798
40007 6798
40035 1
40043 6797
40118 16792
40129 1
40155 6798
40158 16792
40164 16792
40184 16792
40199 6798
40202 6798
40247 6798
40294 6798
40306 16792
40332 1
40340 1
40344 6798
40372 6798
40400 1
40420 6798
40438 1
40464 16792
40477 6798
40493 6798
40582 6798
40668 16792
40724 6798
40754 13596
40763 16792
40766 16792
40858 16792
40906 23590
40975 6798
41070 6798
41071 1
41081 1
41092 16792
41104 6798
41111 6798
41117 6798
41141 6798
41142 16792
41145 16792
41151 13596
41175 6798
41217 6798
41297 16792
41312 23590
41317 6798
41318 6798
41327 6798
41330 6798
41333 6798
41355 16792
41379 6798
41412 6798
41432 1
41438 6798
41446 6798
41451 6798
41457 6797
41463 6798
41483 6798
41485 6797
41515 1
41534 16792
41546 1
41562 16792
41566 6797
41575 6798
41583 6798
41604 16792
41614 6797
41620 6798
41657 6799
41697 6798
41700 16792
41716 6798
41760 1
41803 6798
41837 6798
41840 6798
41844 6798
41849 6797
41885 1
41888 6798
41947 16792
41951 6798
41963 6798
41970 6798
41972 6798
41989 16792
42006 1
42037 6797
42069 6797
42076 6798
42082 6798
42100 16792
42114 1
42120 6798
42121 6798
42126 6798
42132 6798
42140 16792
42230 1
42242 1
42243 6798
42246 6798
42271 6798
42305 6798
42342 16792
42345 16792
42374 16792
42400 6798
42402 1
42447 1
42475 6797
42478 1
42485 1
42498 16792
42507 6798
42511 16792
42523 6798
42524 13596
42555 1
42559 1
42568 16792
42577 16792
42596 6798
42606 6798
42649 6798
42652 6798
42704 6798
42718 6798
42765 16792
42766 6798
42788 6798
42797 6797
42837 6798
42884 6798
42907 6798
42935 6798
42942 6798
42949 6798
42962 16792
42966 16792
42968 6798
42979 1
43000 6798
43008 6798
43018 1
43046 1
43052 16793
43066 6798
43085 16792
43113 1
43115 6798
43132 6798
43216 6798
43232 1
43256 6798
43258 16792
43265 6798
43272 16792
43276 6798
43281 6798
43309 6797
43322 6798
43384 1
43433 6798
43444 6798
43474 6798
43512 6798
43528 1
43541 16792
43600 6797
43627 6798
43663 6798
43670 6798
43770 16792
43779 6798
43789 6798
43814 16792
43848 6798
43851 16792
43863 16792
43913 6797
43927 6798
43934 16792
43945 1
43947 1
43960 16792
43964 16792
43971 16792
43988 1
43999 6798
44000 1
44025 6798
44037 6798
44038 6798
44046 6798
44075 16792
44088 6798
44096 6798
44128 6798
44166 16792
44184 16792
44187 1
44207 16792
44230 6798
44242 6798
44248 6798
44257 6798
44262 1
44264 1
44267 1
44278 6798
44280 6798
44293 16792
44314 16792
44321 16792
44326 6798
44369 6798
44386 6798
44397 1
44425 6798
44468 6798
44479 6798
44504 16792
44537 6798
44574 16792
44603 1
44612 6797
44615 6797
44629 6797
44646 1
44648 6797
44651 6798
44707 6798
44712 6798
44714 16793
44729 6798
44742 6798
44745 1
44754 6798
44816 16792
44848 6798
44919 6798
44970 16792
45018 6798
45040 16792
45045 1
45073 6798
45097 16792
45121 1
45140 6797
45146 16792
45153 6797
45155 1
45162 6798
45171 6798
45186 1
45189 1
45215 1
45235 6798
45271 6798
45280 1
45318 1
45341 6798
45362 16792
45379 6798
45452 6798
45503 6798
45517 16792
45532 6798
45545 1
45558 1
45565 6798
45575 6797
45624 16792
45674 6798
45684 16792
45694 6798
45700 6798
45721 6798
45786 6798
45796 6798
45798 6797
45825 6798
45871 16792
45881 16792
45924 1
45951 1
45964 6797
45977 1
45981 6798
46002 6797
46012 13595
46034 6798
46035 6798
46036 6798
46049 6799
46056 16792
46144 16792
46194 6797
46202 6798
46206 6799
46216 6798
46240 6798
46250 16792
46265 1
46273 6798
46295 6798
46315 6798
46344 6799
46359 6798
46364 16792
46383 6798
46386 16792
46419 6798
46429 1
46435 1
46438 6798
46443 1
46465 6798
46466 6798
46479 6798
46491 6798
46533 6798
46535 6798
46536 6798
46569 6798
46584 6798
46586 16792
46597 6799
46598 16792
46623 16792
46644 2
46658 6798
46668 6798
46669 6798
46670 6798
46690 6797
46727 1
46739 1
46754 6798
46755 16793
46762 16792
46768 6798
46793 6798
46813 6798
46820 16792
46825 6798
46838 6798
46892 16792
46896 1
46904 6798
46917 6798
46951 6797
46953 1
46954 6798
46965 16792
46973 1
46990 6798
46997 1
46999 1
47011 1
47030 6798
47045 16792
47061 16793
47068 6798
47072 16792
47103 6798
47107 6798
47119 16792
47134 6798
47145 6797
47201 6798
47206 16792
47237 6798
47241 2
47254 1
47268 6798
47283 6798
47311 6798
47313 1
47337 1
47354 6799
47385 6798
47397 1
47403 16792
47412 6798
47478 1
47479 6798
47486 6799
47520 6797
47526 16792
47568 6798
47582 16792
47584 16792
47603 6798
47615 1
47645 6798
47682 6798
47716 1
47731 1
47736 1
47780 6798
47783 1
47802 6797
47892 16792
47898 6798
47911 6798
47913 6798
47934 1
47996 6798
48006 6798
48007 16792
48047 16792
48052 1
48069 1
48167 1
48196 16792
48205 1
48211 1
48216 6798
48229 1
48234 1
48235 6797
48248 6798
48285 16792
48297 6798
48301 6798
48302 16792
48307 6798
48312 6798
48323 6798
48342 16792
48348 6798
48349 1
48381 1
48394 16792
48409 6798
48420 2
48444 6798
48451 16792
48481 16792
48483 6798
48486 6798
48500 1
48509 1
48510 6798
48523 6798
48600 16792
48649 6798
48700 1
48715 16792
48724 6798
48750 6798
48825 6798
48842 16792
48857 16792
48901 6798
48909 1
48926 6798
48943 6797
48946 16792
48953 6798
48954 6798
48968 6797
49001 1
49003 6798
49008 6798
49012 16792
49031 6798
49033 6798
49050 1
49060 1
49065 16792
49087 6798
49153 6798
49171 16792
49202 16792
49252 6798
49267 1
49287 6798
49295 16792
49315 6797
49326 1
49348 6798
49370 6798
49381 6798
49407 6798
49448 16792
49450 6798
49456 6797
49472 1
49506 6798
49564 1
49578 6797
49584 16792
49593 1
49602 6798
49604 6798
49625 6798
49626 6798
49630 1
49704 6798
49705 1
49709 16792
49750 1
49763 6798
49766 1
49768 6798
49804 6798
49818 6798
49840 1
49842 6798
49957 6798
49971 16792
49984 16792
50009 6798
50012 16792
50016 16792
50026 6798
50044 6798
50045 16792
50059 6798
50115 6798
50134 6798
50142 16792
50143 1
50172 6798
50207 6798
50215 6798
50254 16792
50271 6798
50287 6798
50294 1
50302 16792
50348 6798
50353 6798
50367 6798
50404 16792
50413 16793
50420 16793
50429 6798
50435 6798
50476 6798
50480 1
50518 6798
50526 1
50529 16792
50536 6798
50605 16792
50619 16793
50684 1
50715 6798
50738 1
50782 6798
50794 6798
50822 16792
50824 1
50857 16792
50893 6798
50903 6798
50906 16792
50913 16792
50933 16792
50948 1
50980 1
50981 1
50987 6798
51003 6799
51004 16792
51045 1
51110 1
51111 6798
51136 1
51142 1
51208 1
51282 6799
51324 6798
51336 6798
51358 6798
51428 16792
51472 1
51521 6798
51527 6798
51544 6798
51593 1
51597 6797
51607 1
51618 6798
51665 6798
51671 1
51673 6797
51707 1
51713 1
51715 16792
51716 6798
51727 6798
51749 6798
51759 6798
51763 1
51774 1
51830 16792
51908 6798
51909 6798
51950 6797
51951 6798
51987 6797
51990 6797
52033 16792
52070 6798
52108 16792
52113 16792
52155 6798
52159 6798
52201 1
52235 16792
52255 16793
52264 6798
52284 6798
52305 1
52348 6798
52351 6798
52365 6798
52391 6798
52393 1
52398 6798
52409 6798
52455 6798
52476 6798
52584 2
52599 6797
52604 6798
52607 1
52610 1
52647 1
52648 6798
52657 6798
52689 6798
52694 1
52720 6798
52766 1
52810 1
52828 16792
52838 6798
52857 16792
52859 16792
52876 6798
52887 1
52889 6797
52927 1
52947 6798
52965 1
52976 6798
52998 6798
53003 16792
53030 16792
53078 6798
53093 16792
53104 6798
53155 6798
53188 6798
53256 6798
53260 1
53298 6797
53343 6798
53382 1
53388 6797
53400 6797
53406 23590
53415 16792
53446 6798
53450 6798
53460 6798
53466 1
53488 1
53494 6798
53513 16792
53531 16792
53544 6799
53547 6798
53561 16792
53563 6798
53572 6798
53608 6798
53650 16792
53653 13596
53668 6797
53669 6798
53811 6798
53869 16792
53896 1
53898 6798
53904 16793
53935 1
53962 16792
54000 16792
54035 6798
54049 6798
54070 6798
54083 6798
54089 16792
54093 1
54128 6798
54147 6797
54155 16792
54178 1
54205 6797
54206 1
54208 6798
54211 16792
54213 1
54233 1
54248 6798
54265 6798
54269 16792
54292 16792
54307 16792
54365 16792
54383 6798
54405 6798
54428 16792
54447 16792
54465 1
54473 16792
54478 16792
54485 6798
54516 6798
54531 1
54538 6797
54569 6798
54583 1
54585 6798
54614 16792
54616 6798
54622 6798
54664 1
54667 1
54699 6799
54707 6798
54730 6798
54734 16792
54757 6798
54763 1
54778 6798
54802 6798
54814 6798
54836 1
54851 6797
54874 6798
54885 1
54912 6798
54934 1
54957 6798
54966 16792
54993 16792
54995 1
55025 6798
55037 6798
55048 6798
55051 6798
55061 1
55076 16792
55114 6798
55160 16792
55163 6798
55186 6798
55199 16792
55212 1
55228 1
55278 6798
55296 16792
55312 16792
55320 6798
55341 1
55349 6798
55357 1
55368 6798
55460 16792
55485 16792
55492 6799
55527 6798
55537 6797
55548 1
55593 16792
55607 1
55637 16792
55646 16792
55681 6798
55690 6798
55697 16793
55728 1
55730 6798
55766 1
55799 16792
55833 1
55875 16792
55880 16792
55903 16792
55924 1
55936 6798
55943 6798
55952 6799
55953 1
55954 16792
55963 1
55977 16792
55984 6798
55990 6798
56022 16792
56045 1
56070 16792
56079 16792
56085 6798
56139 6798
56196 6798
56207 6798
56225 1
56238 6798
56242 6798
56243 6798
56262 1
56269 6798
56277 1
56287 1
56299 6798
56302 1
56327 16792
56342 6798
56344 1
56388 6798
56393 1
56412 1
56431 1
56492 1
56499 6798
56504 6798
56510 6798
56555 1
56640 6799
56670 6798
56692 6798
56719 1
56735 1
56748 16792
56788 16792
56791 6798
56801 6798
56851 13597
56852 16792
56864 6798
56866 6798
56869 1
56883 16792
56901 1
56929 16793
56933 6798
56943 6798
57029 6798
57053 6798
57066 1
57126 6797
57223 6798
57285 6798
57311 1
57326 6798
57375 1
57383 6798
57385 6798
57400 6798
57419 16792
57446 1
57448 6798
57499 6798
57506 6797
57529 6798
57542 1
57549 6798
57554 16792
57580 6798
57585 6798
57595 1
57609 6798
57616 6798
57631 16792
57686 1
57692 6798
57722 6798
57732 16792
57777 16792
57796 16792
57816 6798
57837 6798
57843 6797
57863 1
57886 16792
57911 6798
57932 33584
57964 6798
57969 16792
57986 6798
58004 6798
58013 1
58039 16792
58073 16792
58129 6797
58136 6798
58152 16792
58167 6798
58173 6798
58204 1
58236 6798
58271 6798
58272 6798
58274 6798
58289 6798
58290 6798
58292 16792
58329 1
58343 16792
58347 6798
58368 16792
58389 1
58404 6798
58430 1
58439 1
58494 6797
58503 6798
58544 6798
58551 6798
58554 16792
58562 16792
58567 6798
58596 16792
58670 1
58683 6798
58693 16792
58704 6797
58725 6798
58741 1
58760 16792
58789 6798
58835 16792
58866 6798
58869 16792
58878 16792
58881 16792
58907 16792
58915 1
58928 1
58950 6798
58966 1
59034 6798
59047 1
59095 6798
59126 6798
59130 6798
59133 6798
59152 6798
59223 16793
59226 6798
59316 1
59328 1
59366 1
59368 6798
59379 1
59380 1
59382 6798
59411 6798
59412 6798
59413 6798
59414 6798
59455 1
59458 16792
59471 16792
59498 16792
59536 16792
59554 6797
59575 6798
59596 6798
59630 6798
59637 6798
59647 6798
59648 6798
59653 16792
59706 1
59730 1
59750 6798
59763 1
59776 16792
59786 6798
59799 16792
59807 1
59843 6797
59853 16792
59860 1
59863 6798
59912 16792
59919 16792
59930 6798
59959 6798
59962 6798
59964 16792
59978 6798
59993 1
59994 6798
60000 6798
60020 16792
60026 1
60033 6798
60043 16792
60129 16792
60135 6798
60172 6798
60185 16792
60186 6798
60206 6798
60213 16792
60233 6797
60265 16792
60295 6799
60299 1
60345 1
60375 16792
60414 16792
60426 16792
60440 6798
60510 6798
60513 1
60521 16792
60584 6798
60587 1
60594 1
60641 16792
60646 6798
60662 6798
60678 1
60699 1
60744 1
60759 6798
60770 6798
60782 6798
60789 16792
60793 16792
60805 6798
60809 16792
60822 6798
60841 6797
60851 6798
60878 6798
60901 16792
60935 6797
60943 6798
60944 6798
60973 6798
61006 1
61024 16793
61033 16792
61060 16792
61077 6798
61099 1
61103 6798
61120 16792
61121 6798
61151 1
61189 6798
61191 6798
61194 6798
61197 16792
61230 6798
61243 6798
61249 6798
61252 1
61255 1
61294 6797
61297 16792
61306 6799
61322 16792
61345 6797
61379 6798
61381 1
61418 6798
61462 1
61463 1
61467 6798
61473 16792
61495 1
61509 1
61511 6797
61535 6798
61563 6798
61575 6798
61590 16792
61603 1
61617 16792
61622 6798
61643 6798
61649 1
61663 16792
61668 6798
61758 6798
61817 6798
61819 6797
61827 6798
61833 6798
61851 6798
61869 6798
61884 6798
61892 6798
61917 6799
61922 16792
61928 16792
61930 6798
61940 16792
61951 6798
61956 1
61957 6797
61964 6798
61977 1
62012 6798
62058 1
62059 6798
62088 16792
62115 1
62123 16792
62126 16792
62182 1
62238 6798
62264 6798
62268 6798
62285 6798
62308 1
62325 6798
62363 6798
62398 6798
62405 16792
62452 16792
62455 6798
62479 16792
62485 16792
62507 6798
62516 1
62531 1
62605 1
62615 6798
62617 16793
62622 16793
62664 6798
62695 6798
62768 16792
62772 6798
62774 6798
62804 6798
62813 1
62818 6798
62822 1
62828 1
62854 1
62864 1
62896 16792
62908 6798
62939 1
62963 6797
62983 6798
62996 6798
63025 6799
63050 6798
63065 1
63088 6798
63104 16792
63107 6798
63114 6798
63126 6799
63127 6798
63216 16792
63270 1
63299 6798
63308 23590
63309 6798
63314 6798
63378 6798
63387 1
63398 1
63400 6798
63416 6798
63424 6798
63428 6798
63438 6798
63493 1
63495 6798
63549 6798
63575 6797
63635 6798
63637 1
63674 16792
63678 6798
63687 1
63692 1
63701 6798
63707 16792
63714 6798
63802 16792
63837 6798
63845 6798
63853 16793
63886 16792
63919 16792
63928 6798
63982 16792
63989 16792
63990 16792
63995 16792
63997 6798
63998 6798
64001 1
64010 6798
64057 6798
64085 6798
64097 16792
64149 6798
64165 6798
64171 6797
64218 6798
64231 6798
64243 1
64265 1
64282 16792
64289 1
64320 1
64415 1
64423 6798
64428 6798
64457 1
64462 6798
64477 1
64489 6798
64504 6798
64514 6798
64516 6798
64535 1
64537 6798
64661 16792
64678 6798
64701 16793
64705 6798
64741 6798
64768 6798
64820 1
64821 1
64832 6798
64856 6798
64886 6798
64891 16792
64902 6798
64937 6798
64967 6798
64992 6798
65013 6798
65048 6797
65089 6798
65099 6798
65100 6798
65113 6798
65117 1
65201 6798
65216 6798
65225 1
65230 6798
65243 6798
65245 6798
65266 16792
65273 6798
65274 6798
65276 1
65287 6797
65305 1
65349 16792
65351 16792
65353 6798
65355 6798
65362 6798
65364 1
65376 16792
65391 1
65406 6798
65421 6797
65422 6797
65444 6798
65467 16792
65494 6798
65503 16792
65506 6798
65509 6798
65528 6798
65551 6798
65560 6798
65567 1
65632 16792
65670 1
65708 6798
65736 6799
65762 16792
65775 6798
65779 6798
65783 6798
65794 1
65800 16792
65807 6798
65870 6798
65877 6797
65882 1
65912 6798
65942 13597
65968 6798
65981 1
66024 6798
66028 6798
66052 1
66058 6798
66084 6798
66109 6798
66125 6798
66128 1
66132 16792
66142 16793
66151 6798
66181 6798
66192 6799
66200 16792
66215 1
66221 6798
66232 16793
66246 6798
66254 16792
66268 16792
66281 1
66297 6798
66333 6798
66347 6798
66375 6798
66386 6798
66427 6798
66431 6798
66456 1
66458 1
66462 1
66522 6798
66536 1
66548 1
66567 6798
66632 6797
66643 6798
66685 6798
66695 1
66698 6798
66701 16792
66731 16792
66737 16792
66741 6798
66756 6798
66802 6798
66846 16792
66886 16793
66897 1
66898 6799
66907 6798
66910 16792
66913 6797
66916 6798
66929 1
66954 6798
66969 16792
66981 6799
67014 6798
67019 6798
67062 6798
67111 6798
67116 6797
67131 6798
67200 1
67242 6798
67243 6798
67252 6798
67280 6798
67282 1
67290 16792
67309 6798
67331 6798
67348 6798
67349 1
67353 6798
67358 16792
67367 1
67370 6798
67371 6798
67373 6798
67390 1
67404 6798
67440 1
67444 1
67455 16792
67506 6798
67542 6797
67550 6799
67601 6798
67617 6798
67627 23590
67685 1
67783 13595
67806 16792
67809 6798
67815 6798
67831 16792
67846 6798
67852 6798
67877 6798
67905 6798
67910 23589
67931 16792
67957 16792
68008 6798
68033 1
68045 1
68059 1
68080 6798
68081 16792
68135 6798
68139 1
68177 6797
68218 6797
68220 6798
68225 6798
68244 6798
68246 1
68320 6798
68325 6798
68395 1
68435 1
68448 6798
68500 1
68517 6798
68521 1
68546 6798
68569 6798
68625 1
68636 6798
68668 6798
68704 6798
68753 6797
68755 16792
68756 6798
68770 1
68777 16792
68782 1
68785 16792
68810 6798
68816 1
68822 1
68842 16792
68876 6798
68942 6798
68954 1
68982 6798
69034 6798
69043 1
69047 6798
69057 6798
69084 16793
69090 1
69091 16792
69097 1
69119 1
69129 1
69134 6798
69137 6798
69154 6798
69182 1
69184 16792
69193 6798
69204 6798
69221 6798
69230 6797
69234 6798
69258 1
69268 6798
69274 6797
69288 16792
69301 16792
69319 16792
69325 1
69340 6798
69351 6798
69361 6797
69379 16792
69395 6798
69413 16793
69420 1
69425 6798
69458 6797
69463 6798
69467 6798
69468 6798
69482 1
69493 16792
69513 1
69528 6798
69544 6798
69551 16792
69573 6798
69582 1
69586 6798
69605 6798
69621 16792
69646 16792
69653 1
69679 16792
69693 1
69729 6798
69744 1
69745 6799
69762 6798
69771 6798
69775 6797
69779 16792
69804 1
69844 6798
69852 1
69863 6798
69868 6798
69890 6799
69893 6798
69896 1
69918 16792
69919 1
70003 6798
70016 6798
70019 6799
70058 6798
70071 23590
70077 16792
70138 1
70180 13596
70205 16792
70232 6798
70252 16792
70270 16792
70295 6798
70326 6798
70338 1
70354 6798
70361 6798
70363 16793
70396 6798
70397 16792
70398 6798
70454 6798
70456 1
70479 1
70493 16792
70494 6798
70526 16792
70535 6797
70541 16792
70572 16793
70573 6798
70634 6798
70641 6798
70648 1
70659 6798
70671 16792
70673 16792
70737 6798
70742 6797
70757 6798
70761 16792
70766 1
70776 6798
70785 6798
70810 1
70852 6797
70874 16792
70876 6798
70962 1
70988 6798
71000 16792
71006 16792
71007 16792
71042 6798
71061 13596
71072 6798
71086 6798
71095 6798
71101 6797
71103 16792
71152 6798
71159 16792
71171 16792
71223 6799
71252 6798
71289 6798
71303 16792
71306 16791
71311 16792
71321 1
71335 6797
71344 16792
71347 1
71358 1
71399 6798
71412 6798
71445 6797
71449 6798
71473 6798
71483 16792
71517 13596
71545 16793
71552 1
71555 6798
71566 16792
71576 6798
71604 6797
71611 16792
71634 16792
71674 6798
71707 6799
71773 6798
71779 6798
71790 1
71791 6799
71802 6798
71837 6798
71843 6798
71886 6798
71887 6798
71894 1
71913 16792
71937 6797
71948 6798
71985 1
71999 6798
72000 6799
72003 16792
72008 1
72032 16792
72079 6798
72081 6798
72104 6797
72109 16792
72111 6798
72163 16792
72227 6798
72229 1
72230 6798
72304 1
72317 1
72350 6797
72373 6798
72395 1
72420 16792
72427 6798
72434 1
72465 6798
72477 6798
72485 6798
72541 6797
72554 16792
72556 6799
72562 6798
72627 1
72628 6798
72656 16792
72660 1
72681 6797
72699 1
72713 6798
72738 6798
72760 16792
72767 6798
72768 16792
72771 6798
72848 6798
72867 6798
72901 6799
72924 1
72937 6798
72962 1
72982 6798
72991 6798
73008 6797
73021 1
73025 6798
73082 1
73085 6798
73096 6798
73112 6797
73144 6797
73152 6798
73187 6798
73189 6798
73200 6798
73285 1
73304 6798
73310 6797
73330 6798
73338 1
73346 6798
73374 6798
73377 1
73391 16792
73401 6797
73408 33585
73413 6798
73446 6798
73495 6798
73512 23590
73537 16792
73591 1
73602 6798
73616 1
73633 6798
73640 6799
73653 6798
73675 1
73681 16792
73685 6798
73695 6798
73722 6798
73738 16792
73742 6798
73754 1
73778 16792
73797 6799
73808 6798
73809 1
73811 1
73873 6798
73878 6798
73879 6798
73886 1
73964 6798
74030 6798
74034 6798
74069 16792
74089 16792
74096 6798
74119 6798
74125 16792
74165 1
74188 1
74217 1
74279 16792
74349 16792
74446 6798
74477 6798
74503 1
74506 6797
74517 6798
74524 6798
74530 1
74556 6799
74589 6797
74590 6798
74626 6798
74670 16792
74719 16792
74748 6798
74757 16792
74773 1
74776 6797
74797 23590
74800 16793
74804 6797
74860 1
74930 6798
74931 1
74980 1
75032 16792
75034 6798
75079 1
75082 6798
75130 6798
75131 16792
75137 6798
75144 6798
75189 6798
75198 16792
75255 6798
75274 6798
75290 6798
75292 16793
75307 6798
75308 6798
75315 6798
75317 16792
75350 6798
75360 6798
75370 6798
75380 1
75383 6798
75390 6798
75393 6798
75417 6798
75423 6798
75476 16792
75490 6798
75517 6798
75543 1
75567 6798
75570 16793
75591 6798
75596 1
75614 6797
75633 16792
75642 6798
75646 16792
75659 6798
75683 16792
75725 16792
75726 1
75733 16792
75737 1
75742 6798
75761 6798
75766 6798
75783 1
75794 6798
75797 16792
75811 6798
75833 1
75886 6797
75902 1
75905 6798
75908 16792
75909 16792
75918 1
75936 6798
75964 16792
76039 1
76060 1
76111 6799
76123 6798
76177 16792
76185 16792
76193 1
76194 1
76206 16792
76236 1
76247 6798
76279 13596
76340 16792
76352 16792
76366 6798
76393 1
76396 16792
76408 1
76412 6797
76420 1
76446 6798
76474 6797
76475 1
76487 6798
76494 6798
76495 1
76508 1
76511 1
76533 6798
76622 6798
76628 1
76640 16792
76664 6798
76735 6798
76762 6798
76769 1
76775 13596
76787 6798
76798 6797
76853 6798
76864 1
76882 16793
76912 6797
76939 6798
76978 1
76986 1
76994 16792
77003 16794
77020 6798
77055 6797
77072 6798
77077 6798
77078 6798
77081 6798
77086 6797
77099 1
77210 6798
77234 1
77263 6798
77264 16792
77276 16792
77316 6798
77319 6798
77437 6798
77438 16792
77453 33585
77456 6798
77477 1
77517 6798
77571 16793
77591 6798
77665 1
77682 6798
77685 23590
77712 16792
77758 6798
77759 16792
77761 1
77785 6798
77808 16792
77815 2
77829 6799
77833 6798
77861 6798
77900 16792
77901 6798
77932 6798
77935 6798
77946 16792
77965 6798
77978 6797
78021 1
78065 6798
78081 1
78090 6798
78113 1
78135 6798
78202 6797
78203 6797
78223 6798
78265 6798
78309 16793
78348 1
78354 23590
78363 6798
78364 1
78407 6798
78433 16792
78437 1
78441 6797
78456 6798
78466 16792
78469 6798
78531 6798
78539 16793
78545 16792
78603 16792
78615 6798
78619 6797
78620 6798
78663 6798
78672 6798
78714 6798
78718 16792
78733 6798
78794 6798
78879 16792
78904 6798
78911 16792
78952 16792
78971 6799
79006 16792
79049 6798
79060 13596
79065 6798
79092 16792
79093 6798
79099 6798
79105 1
79115 1
79128 6798
79136 16793
79138 16793
79141 6798
79169 16792
79180 6798
79186 6798
79201 16792
79208 6798
79245 6798
79251 6798
79281 6798
79284 16792
79315 6798
79328 16792
79346 6798
79356 16792
79389 6797
79416 6798
79421 1
79478 6797
79484 6798
79493 16792
79505 6798
79512 1
79513 1
79518 6798
79522 6797
79552 6797
79585 6798
79612 1
79614 6798
79629 6798
79661 6798
79691 6797
79693 6799
79702 1
79708 1
79722 16792
79761 6798
79767 6799
79774 1
79784 6798
79789 1
79827 6797
79847 6797
79856 1
79862 6798
79873 16792
79877 6798
79895 16792
79896 16792
79906 1
79965 1
79987 6798
80001 6798
80007 1
80049 6798
80062 23590
80080 6798
80163 16792
80177 1
80200 16792
80221 6798
80292 6798
80305 6798
80308 1
80310 16792
80313 6798
80315 16792
80329 6798
80334 6797
80353 6798
80368 6798
80408 16792
80426 6797
80461 1
80474 6798
80508 6798
80516 6797
80568 6798
80575 6798
80579 6798
80602 1
80604 1
80651 6798
80652 6798
80666 1
80670 6798
80811 6798
80814 6798
80840 6798
80854 1
80864 16792
80873 16792
80880 16792
80882 1
80894 6798
80895 6798
81019 1
81035 6798
81058 16792
81063 6798
81105 6798
81134 1
81137 6798
81140 6798
81145 6798
81154 6798
81168 16792
81172 6798
81174 16792
81198 6798
81206 1
81207 6798
81237 16792
81252 16792
81316 6798
81320 6798
81336 6798
81383 6798
81416 1
81418 16792
81421 16792
81445 6798
81454 6798
81456 6798
81458 16792
81485 6798
81531 1
81532 6798
81538 1
81542 1
81562 16792
81593 16792
81622 6798
81624 6798
81646 6798
81673 16792
81686 16792
81688 6798
81693 6798
81713 6798
81731 16792
81757 13596
81766 1
81771 6798
81777 6799
81792 1
81806 6798
81844 6798
81900 6798
81905 6798
81952 1
81984 6798
82003 6798
82005 1
82012 6798
82020 1
82034 6798
82097 6798
82100 6798
82133 6798
82135 6798
82142 6798
82149 1
82159 6798
82170 16792
82173 1
82176 16792
82181 6797
82193 16792
82214 1
82257 16792
82285 13596
82316 6798
82321 6798
82325 6798
82340 6798
82346 6797
82376 6798
82384 6798
82407 6797
82431 6798
82433 6798
82434 13596
82454 1
82482 16792
82491 6798
82493 6798
82539 16792
82550 6798
82570 1
82604 6797
82611 1
82686 1
82694 6798
82772 6797
82784 6798
82844 6797
82851 16792
82873 6797
82874 6798
82879 16793
82899 16792
82929 16792
82939 6798
82962 6798
82964 16792
83011 16792
83020 1
83027 6798
83061 1
83082 6798
83096 16792
83105 16792
83121 1
83154 6798
83171 1
83182 1
83183 16792
83217 6798
83219 6798
83226 1
83281 6798
83286 6798
83305 6798
83306 1
83323 6798
83329 1
83340 1
83363 16792
83370 6798
83375 6798
83389 6797
83394 6798
83452 1
83479 6798
83521 16792
83533 6798
83536 6798
83565 6798
83606 16792
83620 1
83636 16792
83640 6798
83651 6798
83667 1
83695 16792
83702 1
83705 6798
83711 1
83719 6798
83761 6798
83766 13596
83793 1
83823 6798
83846 6798
83849 6797
83871 6798
83874 6798
83875 6797
83899 6798
83901 1
83953 16791
83960 1
83983 6798
83992 1
84007 6798
84013 16792
84020 1
84177 6797
84195 6798
84208 16792
84223 16792
84228 6798
84256 16792
84277 1
84280 16792
84294 1
84337 16792
84340 6798
84398 6798
84410 16792
84436 6798
84445 1
84446 16792
84466 1
84475 6798
84478 6798
84493 6798
84501 6798
84514 6798
84520 6797
84613 6797
84614 1
84631 6798
84659 6798
84680 16792
84682 6798
84735 6798
84743 1
84753 6798
84774 1
84781 16792
84805 16792
84872 6798
84890 6798
84911 1
84912 16792
84963 6798
84965 6798
84986 2
85007 1
85009 1
85019 6798
85029 1
85072 6798
85111 6798
85159 1
85164 1
85176 6799
85185 6798
85204 16793
85217 1
85220 1
85229 6798
85279 6798
85281 6798
85299 16792
85306 6797
85322 6798
85325 6798
85331 6797
85362 6797
85381 6797
85400 16793
85404 16793
85408 6798
85437 16792
85475 6798
85476 6798
85492 6798
85511 1
85537 16792
85561 6797
85567 16792
85572 1
85591 23590
85594 6798
85615 1
85641 6798
85672 16792
85705 16792
85766 16792
85773 16792
85809 16793
85854 6798
85862 6797
85863 1
85875 16792
85883 6798
85895 1
85923 1
85933 6798
85935 6798
85960 6798
86021 6798
86027 6798
86050 6797
86062 6798
86065 16792
86094 6798
86095 1
86125 1
86141 16792
86143 16792
86148 6798
86183 6798
86191 1
86200 6798
86202 16792
86221 1
86222 6798
86248 6798
86256 16792
86283 16792
86287 1
86315 6798
86360 6798
86398 16792
86412 16792
86478 1
86488 1
86491 1
86514 16792
86578 23590
86593 6798
86594 6797
86647 6798
86648 16793
86650 16792
86652 1
86659 16792
86662 6798
86672 6798
86716 16792
86785 6798
86790 6798
86820 16792
86833 6798
86896 6798
86902 6798
86957 16792
86971 6798
86979 16792
87009 6798
87012 6798
87027 1
87049 6797
87073 1
87084 1
87086 6798
87095 6798
87101 13596
87121 6799
87124 1
87143 16792
87200 6798
87209 16792
87220 6797
87228 16792
87243 16792
87249 6798
87251 6797
87260 6798
87356 6798
87377 6798
87404 1
87445 6798
87476 16793
87491 1
87509 16792
87515 16792
87521 1
87528 6798
87571 6798
87592 16792
87607 6798
87629 6798
87634 6798
87656 1
87672 1
87694 16792
87719 16792
87730 6798
87743 6798
87755 6798
87757 16792
87783 6798
87786 6798
87797 6797
87811 6798
87817 6798
87820 6798
87839 6798
87873 6798
87923 6798
87934 1
87936 6798
87954 6798
87989 13596
88036 6798
88038 16792
88042 6798
88062 6798
88079 6798
88121 1
88172 6798
88189 6798
88203 6798
88221 6798
88226 6798
88231 1
88234 6798
88246 6797
88249 6798
88250 1
88285 16792
88292 6798
88298 16793
88305 16792
88326 6798
88355 16792
88357 16792
88370 16792
88373 6798
88421 6798
88447 6798
88455 6798
88465 6798
88519 6798
88531 16792
88535 6798
88538 1
88553 6798
88597 6798
88601 1
88617 6798
88634 16792
88637 16792
88647 1
88665 6798
88683 16792
88711 6798
88718 16792
88748 6798
88772 6798
88785 16792
88788 6798
88842 6797
88845 16792
88853 6798
88882 6798
88912 16792
88913 6797
88967 6798
88974 1
88988 16792
88998 1
89005 6798
89021 1
89028 16792
89039 16792
89050 16792
89053 16792
89054 6798
89075 1
89083 6798
89097 6798
89148 6798
89163 6798
89177 6798
89193 1
89204 6798
89223 6798
89229 1
89293 6798
89317 6798
89327 6797
89358 6798
89374 6798
89376 16792
89381 6798
89416 6798
89429 6798
89432 33584
89450 6798
89451 6798
89453 1
89460 6798
89466 6798
89470 1
89480 6798
89500 1
89522 6797
89531 1
89535 6798
89541 6798
89557 1
89606 6798
89646 6798
89669 6798
89680 1
89699 6798
89703 6798
89712 1
89727 1
89756 1
89796 6797
89798 6798
89804 6799
89807 6798
89824 6798
89840 6797
89847 6798
89855 1
89856 1
89897 6798
89936 16792
89948 1
89954 6798
90031 1
90040 1
90074 6798
90104 1
90105 16792
90122 1
90127 1
90144 16792
90153 6798
90162 6798
90168 1
90183 16792
90255 16792
90258 6798
90260 6798
90261 16792
90263 16792
90294 16792
90315 6798
90344 13596
90394 1
90412 6798
90447 6798
90449 1
90453 6798
90468 6798
90498 16792
90516 6798
90521 16792
90563 6798
90565 1
90576 1
90619 6797
90695 16792
90719 6798
90720 1
90770 16792
90796 6797
90815 16792
90818 6798
90861 6798
90881 16792
90915 6798
90920 1
90928 6798
90939 16791
90942 6798
90952 1
91013 6798
91014 13594
91035 6798
91040 6798
91086 6798
91098 16792
91106 6797
91121 6798
91126 16792
91159 6798
91163 16792
91169 16792
91174 16792
91200 1
91202 6798
91215 16792
91216 6798
91220 16792
91266 16792
91281 6798
91289 6798
91302 6799
91314 6797
91318 16792
91333 1
91409 16792
91453 1
91464 16792
91493 23590
91530 6798
91541 16792
91547 6798
91555 16792
91562 16792
91565 6799
91592 6798
91617 1
91626 6798
91640 6798
91645 1
91651 16793
91663 1
91672 6798
91699 16792
91713 6798
91717 6798
91719 6798
91727 6797
91734 1
91779 16792
91787 6799
91799 6798
91803 6797
91843 16792
91866 1
91867 1
91904 1
91905 6798
91976 6798
91993 6798
92005 6798
92045 13596
92049 6798
92069 6798
92108 1
92113 6798
92126 6798
92137 6798
92157 1
92158 6798
92219 6798
92234 16792
92239 6798
92249 6798
92256 6798
92258 6798
92287 6798
92291 1
92312 6798
92334 6798
92349 6798
92368 1
92440 1
92460 1
92474 16792
92486 1
92487 6798
92509 6798
92512 6798
92540 23590
92546 6798
92561 1
92577 6798
92585 16792
92598 16792
92610 16792
92669 6798
92673 1
92675 6798
92678 1
92689 16792
92698 1
92723 6798
92735 6797
92745 6798
92749 6798
92761 1
92785 6798
92797 16792
92799 6798
92806 16792
92815 16792
92817 6798
92827 6798
92859 16792
92891 6798
92937 16792
92941 16792
92944 6798
92959 16792
93007 16792
93035 1
93036 6798
93038 16792
93040 1
93047 6797
93077 6798
93091 16793
93180 1
93187 16792
93194 6797
93225 6798
93267 1
93292 16792
93354 6797
93367 16792
93391 16792
93398 6798
93409 6798
93433 6798
93469 16792
93483 6798
93550 6798
93554 6798
93557 1
93564 6798
93661 1
93669 6797
93688 16793
93715 6798
93723 6798
93765 1
93779 1
93781 6798
93808 16792
93820 6798
93894 16792
93918 16792
93935 6798
93947 16792
93958 13597
93983 6798
94004 6798
94043 6798
94065 6798
94070 6798
94073 6798
94090 6798
94091 1
94094 1
94116 6799
94130 6798
94164 1
94199 1
94205 16792
94217 6798
94222 6798
94234 6798
94300 6798
94347 6798
94359 6797
94422 6798
94507 16792
94511 23589
94543 6798
94550 6798
94574 16792
94598 6798
94607 6798
94623 1
94677 6799
94690 16792
94699 1
94787 6798
94788 6798
94892 6797
94930 6797
94938 6798
94945 16792
94957 6798
94989 1
94993 1
94999 6798
95091 6798
95112 6798
95134 6797
95135 16793
95145 6798
95165 1
95168 16792
95172 6798
95176 6798
95198 1
95203 6798
95214 6798
95217 6798
95224 6798
95226 6798
95232 6798
95246 6798
95298 6798
95331 1
95380 6798
95383 6798
95396 16792
95400 23590
95445 16792
95454 6798
95464 16792
95467 6798
95480 16792
95544 16793
95575 6798
95581 1
95615 6798
95646 16792
95674 1
95707 6798
95744 1
95773 1
95800 1
95807 6798
95822 6798
95853 6797
95908 16792
95911 16792
95939 6798
95973 1
96004 6799
96050 6798
96061 6798
96066 16792
96072 16792
96076 6798
96077 1
96087 16792
96095 1
96110 16792
96120 6797
96138 6799
96160 6798
96171 1
96193 6798
96204 6798
96210 16792
96242 6798
96278 16792
96307 6798
96327 1
96345 6798
96361 6798
96370 6798
96382 6798
96417 6798
96418 6797
96446 6798
96502 6798
96507 16792
96556 6798
96563 6798
96575 6798
96586 6798
96625 1
96665 1
96669 1
96684 23590
96709 1
96716 6798
96724 6798
96733 16792
96751 6798
96770 1
96772 16792
96790 16793
96828 6798
96836 6798
96875 1
96876 1
96899 6797
96969 6798
96970 1
96977 6798
96993 6798
97036 16792
97051 6798
97057 6798
97067 16792
97076 1
97087 16792
97106 6798
97132 6797
97150 6798
97192 6798
97194 16792
97196 1
97257 6798
97270 1
97301 6798
97302 6798
97313 6798
97320 6798
97335 1
97361 6799
97410 1
97422 16792
97439 6798
97476 1
97552 6798
97556 6798
97558 16792
97653 6798
97714 6798
97779 1
97780 1
97797 6798
97824 1
97837 6798
97843 16792
97844 1
97863 16792
97907 6798
97948 6798
97956 16792
97974 6798
97980 16792
97983 6798
97998 1
98029 6798
98066 6798
98087 6798
98109 1
98124 16793
98148 6798
98174 16792
98204 6798
98209 6798
98226 6798
98227 6798
98231 6798
98235 1
98270 1
98280 6798
98309 6798
98316 6798
98373 1
98399 6798
98416 16792
98417 6798
98428 16792
98458 1
98482 16792
98532 16792
98533 16792
98539 6798
98567 16792
98587 6798
98589 6797
98593 6798
98608 1
98625 1
98635 16792
98748 1
98767 1
98788 1
98801 6798
98888 6798
98902 6798
98917 1
98926 16792
98929 6798
98947 6798
98956 16792
98959 16792
99014 16792
99046 6798
99105 16792
99109 1
99116 6798
99120 6798
99129 16792
99132 16792
99133 1
99158 1
99179 1
99182 6798
99250 16792
99276 33584
99285 6798
99286 6798
99308 6798
99345 6798
99346 6797
99350 6798
99356 6798
99367 6798
99394 6798
99399 6798
99403 6798
99414 16792
99416 1
99482 1
99519 6798
99526 16794
99543 6798
99548 6797
99565 6797
99568 6799
99572 6798
99601 6798
99602 6798
99631 16792
99648 6798
99682 6798
99698 6797
99701 6797
99713 1
99717 16792
99730 16792
99756 1
99768 6798
99780 6798
99785 6798
99788 1
99795 16792
99803 6798
99807 1
99862 6797
99872 13596
99881 23590
99885 6798
99927 6798
99956 6798
99962 6798
99982 6798
99989 6798
