


Student 1 Email: zaid.al.khishman@mail.utoronto.ca
Student 1 Name: Zaid Al-Khishman
Student 1 Student Number: 999280665
Student 2 Email: nayeem.zen@mail.utoronto.ca
Student 2 Name: Nayeem Husain Zen
Student 2 Student Number: 998927924
Team Name: 0xdefec8ed
6 1
15 8396
23 1
35 6798
48 8396
55 1
60 1
67 1
68 8395
73 1
79 13595
106 6797
112 6798
120 6797
122 1
129 8395
141 6797
149 8396
150 1
168 1
183 8396
196 6797
218 8395
220 1
248 1
295 1
304 6797
322 8395
327 8396
333 6797
335 6797
338 8396
342 8396
349 8396
358 6797
360 8394
381 8396
416 1
432 6798
449 6797
459 8396
463 1
472 6798
534 1
538 1
543 6798
545 8396
554 1
555 6798
565 6798
569 8396
576 8395
580 6798
591 8396
594 1
599 6798
643 1
644 6798
650 6798
658 6798
673 1
695 8395
697 8396
716 8396
733 8396
738 1
768 6797
785 6798
790 6797
803 6798
826 1
885 8396
888 8396
925 8396
993 6799
994 6797
998 1
1051 1
1062 1
1068 8395
1075 8395
1097 8396
1139 8396
1140 6798
1158 6798
1163 8396
1197 6798
1238 1
1255 6798
1285 6798
1287 8396
1288 1
1301 8395
1304 8395
1325 1
1327 6798
1334 1
1339 1
1356 6798
1373 6797
1416 8396
1419 1
1423 8396
1443 8396
1448 1
1481 1
1485 1
1496 1
1505 1
1520 8396
1552 6798
1557 6798
1595 6798
1601 15194
1608 6798
1619 8396
1626 1
1648 1
1649 8396
1656 6798
1657 6798
1664 6797
1665 6797
1667 8396
1669 1
1682 6798
1688 13594
1689 1
1691 8394
1692 1
1695 6798
1700 8396
1707 8396
1728 8395
1736 1
1766 6798
1804 1
1806 6798
1810 1
1812 6797
1859 6798
1868 6797
1890 8396
1940 8395
1948 6799
1955 1
2001 8396
2012 8396
2072 6797
2081 1
2112 6798
2120 6798
2136 6798
2142 6797
2143 6798
2163 8396
2164 1
2193 8396
2197 1
2240 8395
2243 6798
2245 1
2255 1
2292 6797
2300 1
2312 6798
2344 1
2350 1
2358 6797
2367 6798
2368 8394
2370 1
2386 1
2387 8395
2388 2
2393 8396
2400 8395
2405 6798
2416 6798
2433 6798
2442 13595
2474 6798
2517 1
2546 1
2582 6798
2590 1
2593 6798
2604 8396
2611 6797
2614 1
2621 8396
2651 6798
2684 1
2693 8396
2713 1
2716 6798
2745 6798
2755 1
2764 6798
2779 6798
2790 1
2800 6798
2803 6798
2814 8396
2817 1
2818 8396
2819 8396
2822 8396
2842 8396
2844 6798
2890 1
2925 6798
2944 1
2981 6798
2987 1
2993 1
2994 13596
3009 1
3015 6798
3017 8396
3018 1
3054 1
3079 1
3113 6798
3136 8395
3144 1
3150 8396
3153 6797
3164 8396
3186 1
3208 6797
3219 8396
3246 6798
3250 1
3297 6797
3302 6798
3314 1
3321 6798
3327 8396
3331 8395
3339 1
3359 1
3360 6797
3366 6798
3367 1
3378 8396
3399 15193
3400 6798
3402 1
3434 1
3487 8396
3495 1
3499 8396
3512 6797
3513 1
3535 6798
3537 8396
3550 1
3607 6797
3616 1
3640 6798
3660 1
3703 1
3728 6797
3750 1
3754 1
3770 1
3774 8396
3822 8396
3837 6798
3839 6797
3851 6799
3861 1
3881 8396
3928 6798
3930 1
3931 8396
3980 8396
3994 13596
3999 8396
4025 1
4076 15193
4088 6798
4089 1
4108 1
4112 8396
4131 1
4151 1
4158 8396
4176 1
4215 8396
4223 1
4236 1
4246 1
4251 8395
4257 6798
4260 6797
4263 2
4290 8396
4304 6798
4309 6798
4319 6798
4322 6798
4375 8396
4383 1
4389 6798
4425 6798
4433 1
4436 8396
4442 8396
4444 8396
4451 8396
4473 6798
4480 6798
4494 8394
4499 8396
4509 8396
4514 6798
4520 15194
4541 1
4542 6798
4569 6798
4579 8396
4593 6798
4609 8396
4617 1
4632 6798
4639 8396
4666 8396
4680 2
4697 8395
4698 6797
4703 1
4712 8396
4715 8395
4716 1
4727 1
4730 1
4740 1
4749 6798
4763 6798
4764 6799
4837 15193
4869 1
4879 8396
4882 8396
4907 8396
4909 6798
4911 8395
4919 6797
4921 1
4942 1
4956 1
4959 1
4995 1
5001 1
5013 8395
5119 6798
5126 13596
5138 1
5157 6798
5172 8396
5175 8396
5177 1
5203 8396
5210 6798
5225 6798
5246 1
5267 6798
5281 8396
5283 1
5285 8396
5308 1
5327 8395
5348 8396
5370 1
5382 6798
5391 8394
5395 1
5405 6798
5432 1
5448 8396
5450 8395
5480 8396
5506 6798
5524 8395
5554 1
5598 23589
5606 1
5619 8396
5626 6797
5658 6797
5660 8395
5665 6797
5691 1
5696 8395
5743 6798
5748 8396
5754 1
5759 8396
5765 1
5770 1
5786 6798
5805 6798
5806 15194
5827 6797
5852 1
5858 1
5877 8395
5880 1
5890 8396
5971 1
5993 6797
6001 6798
6005 8396
6009 1
6029 6798
6032 8396
6033 1
6036 6798
6044 8396
6046 6797
6075 1
6083 6798
6104 6797
6124 1
6137 8396
6148 1
6150 6798
6151 6798
6197 8395
6217 6798
6228 1
6238 8396
6241 6798
6245 8395
6257 1
6282 6798
6325 1
6328 6798
6329 6797
6331 6798
6333 1
6344 6798
6369 8396
6377 15194
6392 1
6418 8396
6430 1
6438 8396
6450 6798
6507 8396
6520 8396
6528 8396
6537 1
6542 1
6561 1
6593 1
6603 1
6639 1
6643 1
6644 6798
6655 8396
6682 1
6686 8396
6694 1
6695 6798
6703 8395
6743 8396
6748 1
6751 6798
6752 15194
6763 6797
6781 1
6789 6797
6792 6798
6796 1
6807 8396
6827 1
6829 8396
6866 2
6874 8396
6878 1
6879 1
6919 1
6925 8396
6938 1
6953 8396
6962 6798
7018 8396
7023 8396
7058 1
7062 6797
7078 8396
7104 1
7116 1
7125 1
7138 6798
7177 1
7179 8396
7183 6798
7212 8395
7215 6798
7217 1
7232 6797
7298 13596
7324 8395
7340 1
7349 8396
7357 1
7396 8396
7408 6798
7416 6798
7424 1
7431 8396
7440 6799
7453 1
7463 6798
7471 8394
7480 6798
7486 1
7555 2
7590 6798
7592 8395
7598 1
7601 6798
7632 6798
7657 6798
7669 8396
7683 8397
7684 8396
7686 6798
7704 6798
7714 6798
7728 8396
7732 6797
7738 1
7741 6798
7746 1
7756 1
7761 6798
7768 1
7771 8395
7792 6798
7816 6798
7819 8396
7834 6798
7840 1
7850 1
7851 6798
7852 6798
7859 6797
7868 1
7895 1
7903 6798
7907 1
7915 6798
7939 1
7972 6798
7986 1
7997 1
8015 8396
8017 6799
8018 8396
8021 1
8028 6798
8029 6797
8043 8396
8077 8396
8090 1
8100 1
8107 6798
8115 6797
8121 1
8163 8395
8164 6797
8178 6798
8180 1
8184 6798
8205 1
8215 8396
8216 8397
8227 8396
8231 8396
8257 8396
8292 8397
8293 1
8313 8396
8314 6798
8330 6797
8389 6797
8393 1
8400 8396
8420 1
8438 8395
8460 1
8474 6798
8484 1
8494 8396
8502 8396
8512 6798
8550 6798
8551 1
8578 8395
8600 8396
8609 6798
8611 8395
8624 6798
8627 6797
8643 6797
8683 8396
8718 8395
8725 6798
8757 6797
8768 8396
8798 1
8821 6798
8847 1
8857 6798
8859 8396
8904 1
8908 8395
8939 6798
8943 8396
8949 1
8953 8396
8954 6798
9005 8396
9010 13595
9016 8396
9033 6798
9039 6797
9051 1
9063 6798
9099 1
9121 8396
9139 8395
9163 1
9185 8396
9203 8396
9228 8397
9239 1
9240 8396
9242 6797
9246 6798
9247 6798
9255 8396
9268 6798
9284 8396
9290 8396
9299 8396
9308 8395
9322 8396
9323 8396
9328 8396
9339 6798
9340 1
9346 8396
9358 1
9390 6798
9423 6797
9432 1
9450 1
9476 8396
9485 8396
9496 8395
9526 8396
9528 6798
9546 6798
9547 6797
9560 1
9565 8396
9569 6798
9574 8396
9585 1
9604 1
9638 1
9696 8396
9702 6798
9709 1
9726 6798
9727 1
9732 1
9734 6798
9737 6798
9738 8395
9763 6798
9767 6797
9803 8395
9804 1
9807 6798
9811 6797
9815 8396
9819 6797
9840 8396
9846 8396
9866 1
9890 15195
9894 8396
9905 6797
9930 8396
9959 8396
9987 6798
10020 1
10025 6798
10038 1
10070 1
10110 6798
10118 6798
10146 6798
10157 8396
10174 6798
10182 1
10194 1
10231 6797
10241 6797
10263 8396
10265 6798
10279 8396
10333 1
10345 1
10360 6798
10374 6798
10384 8396
10403 8396
10409 6798
10418 13594
10425 6797
10445 6798
10458 6798
10469 6798
10471 8396
10474 1
10477 8395
10482 1
10486 6797
10493 8396
10507 8396
10509 6798
10522 6798
10525 8395
10530 6798
10532 8396
10538 1
10554 1
10555 1
10560 6798
10566 1
10579 8396
10591 8396
10600 8396
10615 6798
10616 1
10619 1
10625 6798
10628 6798
10642 6797
10650 8394
10653 8395
10664 6798
10674 6797
10684 1
10706 6798
10709 1
10731 6798
10734 1
10755 6797
10758 1
10765 6798
10779 1
10804 8396
10810 6798
10818 8395
10826 1
10841 8395
10854 6798
10857 6798
10902 1
10904 1
10906 8396
10921 6798
10935 6798
10961 6798
10986 1
10996 1
11024 1
11043 6798
11065 1
11078 8396
11092 1
11100 6798
11118 6797
11133 6799
11134 8396
11162 8396
11168 6798
11216 8396
11221 1
11222 6798
11227 8396
11228 8396
11263 16792
11276 8396
11296 8396
11315 6798
11328 1
11341 6798
11349 8396
11369 8396
11373 6798
11398 13595
11406 6798
11412 8395
11418 1
11430 6798
11458 6798
11466 8395
11479 6798
11483 1
11499 13594
11507 1
11519 1
11531 1
11536 6798
11542 15194
11549 1
11556 1
11563 6797
11567 6797
11583 6797
11591 8396
11600 6798
11608 8396
11629 8396
11643 6798
11645 8396
11648 8395
11651 6798
11658 6798
11674 8396
11678 1
11700 1
11701 8396
11706 6798
11745 1
11768 1
11801 6798
11838 6798
11849 8396
11850 6798
11864 1
11870 6798
11878 1
11893 8396
11920 1
11926 1
11951 6797
11960 1
11973 6798
11982 6798
12009 6798
12020 8395
12022 1
12025 6797
12035 8396
12043 6797
12053 6797
12059 1
12072 1
12079 1
12080 6797
12086 8396
12091 1
12094 6798
12103 8396
12122 8396
12130 8395
12181 8396
12191 6798
12203 8396
12225 1
12230 1
12264 1
12323 8396
12360 6798
12366 6797
12385 1
12391 6798
12396 8396
12415 8396
12422 1
12425 15193
12426 6798
12439 6798
12449 8396
12455 6797
12469 8396
12492 6797
12505 1
12546 6797
12549 1
12558 1
12578 6798
12590 6798
12599 1
12620 15194
12641 1
12668 1
12696 6797
12742 15194
12756 6798
12757 6798
12771 6798
12776 1
12812 6798
12819 1
12829 8396
12833 6797
12837 8396
12838 6798
12845 6797
12855 1
12875 6797
12895 8396
12903 6798
12905 6797
12923 1
12927 6798
12932 1
12953 8396
12967 1
12972 6798
12987 6798
12993 6798
13002 1
13016 6798
13023 1
13027 1
13049 1
13064 6797
13074 1
13090 8395
13091 1
13109 6798
13110 6798
13112 1
13128 8396
13136 6798
13141 1
13157 6798
13162 8396
13178 1
13193 1
13241 6798
13249 6798
13274 1
13307 1
13316 6797
13320 8397
13323 1
13324 6798
13345 8396
13414 8395
13438 8396
13439 8395
13456 8396
13459 6798
13478 8395
13489 8396
13493 8396
13495 6798
13497 8396
13503 6798
13527 1
13541 6798
13548 8396
13591 1
13607 1
13641 1
13672 1
13681 1
13682 1
13686 1
13692 15193
13700 6798
13728 8396
13729 6797
13730 1
13753 8395
13777 1
13781 6797
13793 8396
13797 8395
13812 6798
13832 8396
13844 6798
13873 1
13887 6797
13897 1
13899 1
13906 8396
13914 8396
13929 13596
13954 6797
13972 8396
13974 8395
14024 6798
14027 1
14036 8396
14044 6799
14061 8396
14069 6797
14138 6797
14140 1
14144 1
14149 8396
14181 6798
14184 8396
14203 1
14225 1
14226 1
14250 16791
14260 8395
14264 6798
14275 6797
14292 6798
14304 6798
14319 1
14331 6798
14334 1
14338 8396
14344 1
14361 1
14366 6798
14368 1
14377 1
14393 6797
14414 1
14459 8395
14464 1
14486 16792
14532 6798
14541 8395
14581 1
14588 8396
14609 8396
14621 6798
14638 6797
14684 15193
14695 8396
14702 1
14703 1
14704 6798
14709 1
14725 8396
14728 1
14733 6798
14741 1
14744 6798
14750 1
14774 1
14787 8396
14802 8396
14818 8396
14820 1
14830 8396
14848 8396
14855 1
14885 8396
14948 6798
14975 6797
14982 6798
15003 6798
15009 1
15015 6798
15025 1
15026 6798
15040 8396
15044 1
15054 1
15056 1
15068 1
15085 6797
15089 6798
15092 6797
15105 8396
15109 1
15113 1
15117 1
15130 1
15131 6797
15147 8396
15178 6798
15192 6797
15197 6798
15226 8396
15284 6797
15294 8395
15307 8396
15308 1
15324 8395
15325 21991
15369 1
15389 6798
15399 8396
15403 1
15404 1
15419 8396
15445 1
15447 1
15453 1
15525 8396
15526 2
15530 6798
15535 1
15540 1
15570 8396
15572 8396
15605 6798
15623 1
15642 8396
15645 6798
15646 6797
15648 8396
15656 6798
15668 6797
15677 8395
15678 1
15680 1
15720 8396
15743 6798
15745 6798
15748 6798
15753 6798
15757 6799
15764 6798
15765 6798
15785 6798
15787 8397
15791 6798
15798 8396
15814 6798
15825 8395
15855 6798
15876 6798
15877 8396
15878 6798
15917 6797
15921 8395
15938 1
15942 6797
15956 1
15965 6798
15970 6798
15979 8395
15980 8396
15987 1
15990 6798
15998 8396
16008 8396
16020 8396
16027 1
16028 8396
16037 1
16042 1
16046 8396
16048 1
16073 1
16078 6798
16110 8395
16119 8394
16125 1
16146 8396
16175 8396
16176 1
16178 2
16184 6798
16191 8395
16193 1
16264 8395
16284 6797
16305 8396
16309 1
16315 8396
16319 6797
16326 6798
16332 1
16334 6798
16361 1
16365 8396
16372 1
16387 8395
16427 8396
16430 1
16441 1
16458 6798
16471 6797
16474 1
16486 1
16506 1
16508 6798
16513 8395
16532 1
16542 6798
16554 1
16557 8395
16571 1
16588 6798
16628 6798
16641 6798
16653 6798
16663 8396
16685 8396
16694 8396
16699 6798
16709 1
16711 8396
16718 1
16721 6798
16731 8396
16738 8396
16756 6798
16784 8396
16787 6798
16805 6798
16816 1
16827 1
16837 6798
16841 1
16845 6797
16848 6798
16854 1
16885 6797
16897 6797
16906 1
16917 1
16928 8396
16956 1
16958 8396
17007 1
17023 8396
17032 1
17051 6797
17066 1
17071 6798
17077 6798
17084 8396
17127 6798
17176 6798
17203 8396
17229 8396
17233 8396
17241 6798
17246 1
17256 6798
17297 1
17316 1
17319 6798
17333 8395
17343 8396
17358 8396
17394 1
17407 8396
17410 6798
17428 1
17445 6798
17449 8396
17485 6798
17496 6798
17512 6798
17521 8395
17532 8396
17537 6798
17546 6798
17551 6797
17583 6798
17606 1
17638 6798
17639 6798
17656 1
17658 6797
17664 1
17676 6798
17685 1
17687 8396
17702 8396
17724 1
17729 8396
17741 1
17743 8396
17758 1
17762 1
17770 6798
17797 6798
17798 6797
17799 8396
17820 8396
17839 1
17840 1
17860 1
17872 1
17919 1
17920 6798
17925 8396
17929 6798
17949 6799
17964 1
17974 6797
17980 1
18007 8396
18040 1
18041 1
18049 6798
18051 1
18077 8396
18111 6798
18112 8395
18113 6797
18118 8396
18129 8396
18131 1
18147 6798
18156 6798
18173 1
18182 8396
18183 1
18187 8395
18192 8396
18213 6798
18234 1
18265 8396
18272 15194
18309 1
18311 6798
18312 6798
18318 8396
18330 1
18387 2
18396 8396
18424 8396
18431 8396
18461 1
18474 1
18479 8396
18485 1
18501 6798
18506 1
18509 6798
18510 1
18511 1
18527 6797
18531 8397
18534 6798
18541 6798
18548 8394
18558 1
18559 1
18568 6798
18575 1
18577 6798
18589 6797
18593 6798
18595 6799
18598 8395
18650 6797
18669 8396
18681 1
18684 8396
18686 6797
18690 8396
18697 6798
18753 6798
18778 8396
18782 6798
18796 1
18811 1
18820 1
18839 6798
18843 1
18846 1
18852 6798
18860 1
18863 8396
18869 1
18905 8396
18920 15194
18953 8396
18956 8396
18981 6798
18982 1
19019 8396
19020 6798
19033 6800
19045 6797
19084 1
19085 8396
19094 6798
19141 1
19148 1
19154 8396
19165 1
19167 8396
19169 6798
19191 6798
19195 8396
19200 1
19211 1
19242 6798
19245 1
19326 13595
19335 1
19354 8396
19355 1
19380 6798
19397 8396
19414 8396
19416 6798
19418 6798
19459 6798
19466 6797
19472 6797
19475 1
19484 1
19488 6798
19499 6797
19502 6798
19529 6798
19544 8396
19559 1
19565 8396
19580 1
19587 6798
19589 1
19594 6798
19596 8396
19602 8395
19606 1
19607 6798
19636 6798
19640 6798
19647 1
19652 1
19661 1
19673 8397
19682 1
19683 1
19685 8396
19692 8396
19696 8396
19739 1
19746 6798
19790 6798
19792 1
19812 6797
19833 1
19847 8396
19849 6798
19856 6798
19874 6798
19902 8396
19903 6798
19906 8395
19932 6798
19937 6798
19947 1
19976 6798
19989 8395
19995 8396
20010 1
20063 6798
20065 8396
20110 6798
20112 6797
20149 8396
20158 8396
20160 8395
20161 6798
20200 6798
20217 8396
20221 6797
20226 6797
20231 6798
20257 8396
20267 1
20272 8396
20278 1
20295 1
20300 8396
20305 6798
20309 8396
20317 6798
20318 16792
20347 6798
20383 1
20394 6798
20397 8396
20425 6798
20467 1
20473 6797
20475 6798
20478 6798
20479 8395
20480 8396
20518 6798
20520 6798
20521 1
20527 8396
20538 1
20559 6798
20565 6797
20568 8395
20569 6798
20581 6798
20584 6797
20588 1
20593 8395
20600 6797
20608 6797
20618 6798
20625 1
20636 1
20677 8396
20682 1
20686 6797
20743 1
20745 8395
20752 6797
20773 6797
20778 1
20804 8396
20808 8396
20810 1
20840 6798
20842 1
20853 1
20861 6798
20865 8396
20880 6798
20911 1
20933 6798
20940 1
20955 8395
20960 8395
20986 1
21005 8396
21025 8396
21028 6798
21034 1
21084 6798
21096 1
21101 1
21104 1
21119 6797
21133 15193
21136 6798
21164 6797
21166 8396
21175 1
21180 8395
21195 1
21205 6798
21207 1
21212 6798
21213 8396
21214 1
21218 8396
21233 6798
21254 8396
21303 6798
21332 8396
21340 1
21347 6798
21357 6798
21370 1
21396 8396
21415 1
21420 8396
21469 6797
21498 1
21516 6798
21554 6798
21573 6798
21593 8396
21607 8396
21618 1
21634 6798
21645 1
21647 8396
21682 6798
21712 8395
21736 6798
21763 1
21765 6798
21796 6798
21803 6798
21810 6797
21818 1
21822 1
21828 6798
21831 1
21849 8396
21853 1
21890 1
21912 8396
21925 6798
21949 6797
21951 1
21983 8396
21998 8396
22068 8396
22093 6798
22113 1
22141 1
22149 6797
22150 8396
22160 6798
22162 8396
22185 6797
22190 6797
22216 6798
22226 6798
22237 8397
22240 1
22243 1
22251 8396
22259 8396
22262 6798
22276 6798
22279 8395
22281 1
22300 1
22309 6798
22329 8396
22331 6798
22335 6797
22346 1
22363 1
22367 1
22373 8395
22380 6798
22385 1
22386 1
22389 8396
22392 1
22412 1
22416 8396
22422 8396
22459 8396
22470 1
22472 8396
22498 8396
22507 6798
22515 8396
22542 6798
22545 8396
22572 8396
22574 8396
22585 1
22615 8396
22620 6797
22626 8395
22627 6797
22629 6798
22633 8396
22644 6797
22660 8397
22665 8397
22666 8395
22673 6798
22680 6798
22681 6798
22687 1
22690 8396
22711 1
22721 6797
22722 1
22745 8396
22804 1
22808 1
22811 6798
22818 8395
22833 6798
22863 6798
22870 16792
22872 1
22876 1
22881 6798
22886 8396
22887 6797
22898 8396
22900 6797
22903 1
22915 6798
22931 6798
22932 6797
22940 6798
22961 1
22977 6797
22990 6797
22994 6798
23007 1
23029 8396
23051 1
23109 16792
23112 8396
23117 6798
23120 8396
23122 6798
23147 6798
23148 8395
23151 8395
23164 1
23171 6798
23174 8396
23187 1
23207 8396
23213 1
23222 6797
23234 8396
23237 6797
23252 6798
23264 6797
23267 6798
23274 6798
23285 8396
23286 1
23304 8396
23308 8396
23312 1
23353 1
23357 8395
23360 1
23367 6798
23373 8396
23376 1
23380 6797
23384 6798
23392 1
23393 8396
23407 1
23409 1
23419 8396
23427 2
23445 1
23447 1
23450 8395
23451 8396
23465 8396
23479 8396
23495 6797
23510 8396
23544 6797
23546 8396
23548 8396
23570 8396
23597 6797
23611 6798
23618 8396
23641 8396
23646 6797
23657 8396
23660 8396
23674 1
23687 1
23693 1
23696 6798
23701 1
23728 1
23732 1
23739 6797
23762 8396
23764 1
23809 8395
23822 1
23837 1
23841 6798
23870 8396
23893 6798
23896 6797
23901 8395
23925 6798
23930 1
23963 1
23989 1
23990 6797
24014 1
24034 1
24039 6798
24048 6798
24076 8396
24078 2
24079 8396
24082 1
24086 6798
24107 6798
24135 6797
24170 6797
24188 8396
24193 6797
24198 6797
24211 6798
24225 8396
24240 1
24249 1
24250 6798
24255 1
24274 1
24284 8396
24302 1
24346 6798
24361 6797
24366 1
24374 1
24383 8396
24385 6798
24394 6797
24400 2
24418 1
24426 6798
24427 6797
24449 8396
24451 6798
24479 8396
24480 8395
24490 1
24504 6797
24514 6798
24517 8396
24546 6798
24550 1
24565 6798
24570 1
24575 6798
24596 15193
24607 8396
24618 6797
24646 1
24650 8396
24653 6797
24656 8396
24666 8396
24669 8395
24672 6798
24704 8396
24712 1
24730 6797
24782 1
24801 1
24804 16792
24806 6797
24822 6798
24827 1
24838 1
24854 1
24857 6798
24865 6798
24906 1
24917 8396
24922 1
24925 1
24932 1
24933 6798
24939 8395
24953 1
24982 8396
24988 6798
24994 6797
25004 6798
25005 6798
25006 6797
25025 8397
25037 8396
25055 1
25097 8395
25105 8396
25120 8396
25123 1
25164 1
25187 6798
25194 6798
25228 8396
25232 1
25235 8396
25237 1
25251 1
25264 1
25292 1
25300 8396
25327 6798
25328 8397
25330 6797
25340 6797
25356 1
25375 1
25387 1
25402 6798
25417 8396
25419 8395
25426 8395
25449 8396
25457 1
25473 13595
25477 1
25482 1
25495 1
25513 1
25517 8396
25536 8396
25539 1
25548 1
25552 8396
25567 6798
25658 8395
25670 1
25677 8396
25706 8396
25730 6797
25736 1
25743 1
25772 1
25777 1
25782 6798
25795 8395
25806 6799
25813 1
25814 1
25835 1
25864 6798
25868 8396
25883 1
25931 6798
26003 6798
26038 6798
26039 6797
26049 8396
26057 1
26090 8396
26096 6798
26097 6798
26107 6798
26118 8396
26138 6798
26141 6798
26143 8397
26164 8396
26186 8396
26189 1
26194 8396
26222 6798
26225 6798
26227 6798
26230 8396
26231 8396
26240 8396
26289 6797
26294 6797
26302 1
26311 1
26325 1
26333 1
26349 1
26355 1
26356 6798
26358 1
26405 8396
26448 8395
26452 8396
26483 6797
26512 1
26527 1
26552 1
26558 6798
26564 8396
26570 6798
26576 1
26621 6797
26634 1
26648 6798
26652 1
26666 8395
26667 6797
26677 1
26680 8396
26696 6798
26719 1
26778 1
26786 8396
26793 6798
26800 1
26817 1
26841 1
26888 8396
26902 8396
26937 6798
26939 1
26960 6798
26974 1
26976 6797
26989 8396
27010 8396
27016 1
27023 6797
27054 1
27062 6798
27075 8396
27081 8396
27122 6798
27128 6797
27129 6797
27141 6797
27168 6798
27184 1
27186 8396
27188 1
27196 6797
27200 8396
27206 1
27218 6798
27224 1
27237 8395
27238 6797
27251 8395
27257 1
27270 1
27274 8396
27296 6798
27312 6798
27339 8395
27353 6797
27366 1
27376 6797
27385 6798
27408 1
27418 1
27420 8396
27422 8396
27440 6798
27441 6798
27448 8397
27457 6798
27458 8397
27463 6798
27499 6798
27503 15193
27505 6798
27518 8396
27537 6798
27539 8396
27542 1
27549 6798
27568 8396
27582 8395
27584 8396
27596 8396
27610 8396
27611 8396
27618 8396
27628 6797
27642 8396
27668 8396
27686 6797
27687 6798
27694 6798
27699 8396
27708 6798
27742 2
27753 1
27755 1
27762 1
27816 6798
27818 8396
27821 6797
27831 1
27832 8396
27846 6798
27850 8395
27859 1
27874 6798
27882 1
27889 1
27904 6798
27910 8396
27923 8396
27937 1
27943 6798
27948 1
27954 8396
27961 1
27973 6797
28003 1
28017 8395
28026 6798
28027 6798
28044 1
28074 6798
28076 1
28077 6797
28082 1
28084 1
28088 8396
28091 6798
28093 8396
28106 8396
28132 6798
28164 1
28177 6798
28188 1
28205 6798
28206 6797
28209 6797
28279 6798
28282 6798
28284 6798
28293 6797
28303 6798
28325 6798
28353 8396
28373 6798
28376 8396
28377 8396
28398 8396
28426 1
28440 8395
28468 8396
28489 6797
28498 6798
28550 1
28576 6798
28593 8395
28600 1
28605 8396
28628 6798
28643 8396
28675 6798
28678 6798
28679 8396
28696 8395
28704 8396
28713 8396
28715 8396
28723 8395
28732 6797
28735 8396
28752 6798
28765 6798
28783 6798
28807 6798
28839 1
28861 6798
28863 6798
28875 6798
28876 6798
28903 8395
28910 8396
28925 6797
28933 8396
28936 8396
28940 1
28993 6798
28995 8396
29007 6798
29023 1
29040 6797
29055 6798
29061 1
29093 1
29105 6798
29106 1
29166 6798
29169 1
29179 8396
29182 6798
29189 6798
29191 6797
29193 1
29204 8396
29236 8396
29237 1
29240 6798
29245 1
29260 8396
29262 1
29272 1
29273 8395
29280 1
29284 8395
29291 1
29318 8396
29319 16791
29323 6798
29348 6797
29349 1
29352 1
29367 1
29368 8396
29372 6798
29373 8396
29378 6798
29406 8396
29429 1
29437 1
29457 1
29469 6798
29472 6798
29475 1
29476 1
29479 6798
29485 6798
29486 8396
29508 6798
29528 6798
29531 8396
29535 8395
29548 1
29574 1
29575 15194
29600 1
29613 8396
29614 1
29624 6798
29626 6798
29634 6798
29642 6798
29643 1
29645 1
29668 6798
29691 1
29694 8396
29704 6797
29716 8396
29729 6798
29737 1
29738 6798
29747 8396
29769 6798
29772 1
29773 8396
29776 8396
29785 6797
29794 8396
29796 6798
29810 6798
29815 6798
29822 6798
29847 6797
29869 13596
29872 6797
29893 1
29904 8397
29908 8395
29909 1
29911 8395
29949 8395
29962 8395
29975 16791
29976 6798
29984 6797
29988 6798
30012 1
30025 6798
30030 1
30037 8396
30039 6797
30066 8396
30068 8396
30073 8395
30094 6798
30123 6798
30130 1
30140 8396
30150 8396
30169 8396
30176 1
30182 6798
30215 8396
30221 6797
30222 1
30230 6798
30239 1
30248 1
30264 6797
30277 6797
30295 8396
30302 8395
30303 1
30307 1
30317 6798
30340 6797
30350 13596
30358 8396
30373 1
30387 8396
30393 8395
30405 1
30420 8396
30438 8396
30463 8395
30470 8396
30509 1
30552 1
30555 6799
30594 6799
30597 8396
30606 1
30607 8396
30608 8396
30629 8395
30635 8396
30639 1
30644 6798
30654 6797
30685 1
30720 8396
30726 6798
30746 8396
30749 6798
30750 6798
30756 6798
30761 8395
30766 6798
30773 1
30786 6798
30787 8396
30790 6799
30798 6798
30807 8396
30810 6798
30827 6798
30846 1
30864 1
30872 6798
30877 1
30904 8396
30916 1
30927 1
30931 6798
30943 1
30967 1
30977 8395
30980 1
30987 8396
30993 1
31006 1
31016 6798
31022 6798
31048 8395
31052 6798
31071 1
31072 6798
31078 1
31129 8396
31130 8394
31131 6797
31133 8396
31138 15194
31148 8396
31162 6798
31164 1
31181 6798
31183 6798
31200 1
31206 6797
31219 1
31235 8396
31258 8396
31269 6798
31271 6798
31280 1
31287 6797
31305 8396
31312 1
31316 6798
31322 6797
31328 6797
31343 6798
31345 1
31352 1
31360 1
31364 8395
31369 8396
31378 1
31385 6798
31431 6798
31436 1
31461 6798
31477 8396
31480 8395
31481 8396
31489 6798
31499 6798
31516 6798
31518 1
31525 8396
31532 6798
31545 1
31552 6797
31557 8396
31562 8396
31572 8396
31591 6798
31598 6797
31605 6797
31641 6798
31644 8396
31654 8396
31656 8396
31693 6798
31702 1
31747 1
31774 6797
31782 1
31821 8396
31833 6798
31839 1
31847 6798
31866 6797
31874 6798
31898 6798
31905 6797
31911 6798
31928 1
31935 6797
31949 6798
31969 1
31982 1
32002 8395
32004 8396
32025 6798
32038 6798
32042 8396
32044 6797
32051 2
32059 6798
32062 6797
32087 6797
32090 1
32099 8395
32118 1
32131 8395
32140 1
32142 6798
32148 8395
32221 8396
32231 6798
32245 8395
32246 6798
32253 6798
32256 6797
32323 1
32328 1
32341 6798
32352 8397
32402 8396
32448 1
32457 1
32458 6797
32521 6797
32524 1
32525 6798
32541 1
32550 6798
32563 6798
32571 1
32574 1
32587 6798
32607 1
32618 16792
32643 6799
32645 8396
32657 1
32688 1
32691 6798
32698 8396
32773 6798
32785 1
32822 6798
32824 6798
32845 1
32846 1
32849 13596
32863 1
32864 8396
32870 6798
32877 6798
32883 1
32893 6798
32902 6799
32904 1
32907 6797
32908 6798
32912 8396
32916 6798
32949 6798
32953 8396
32972 8396
32974 8396
32976 6798
33001 6798
33003 8396
33014 6798
33045 1
33054 1
33074 8396
33078 1
33088 1
33126 6798
33131 1
33141 1
33144 8396
33145 6797
33151 8396
33182 8396
33185 1
33212 6798
33223 8396
33247 1
33250 6797
33258 1
33271 1
33272 8396
33274 6797
33275 6798
33288 1
33307 6798
33308 8396
33325 1
33327 8396
33329 1
33347 8395
33363 6798
33384 6799
33387 6798
33439 6797
33454 8396
33459 8396
33472 6798
33474 8396
33475 1
33494 8396
33502 6798
33527 6798
33537 6798
33552 1
33555 8395
33563 6798
33585 6798
33616 8396
33637 6797
33664 8396
33703 1
33704 6797
33705 6797
33707 1
33711 8395
33725 6798
33730 1
33740 6798
33751 6798
33772 6797
33776 6798
33798 6798
33818 8395
33820 8396
33823 8395
33833 15193
33865 8396
33868 6798
33893 8396
33898 8395
33899 2
33908 1
33912 1
33917 6798
33921 1
33940 6797
33997 6797
34007 8395
34008 8397
34012 8396
34031 1
34038 8395
34043 1
34057 1
34082 8396
34093 8395
34129 1
34136 8395
34146 8396
34171 8396
34204 8396
34209 6798
34214 1
34230 6798
34238 1
34250 6797
34253 6798
34256 6798
34258 6799
34263 1
34272 6798
34274 8396
34314 8396
34328 6798
34337 1
34341 6798
34343 8396
34361 8396
34372 1
34408 6798
34415 6798
34421 6798
34423 1
34438 1
34441 8395
34446 6797
34448 1
34455 8396
34456 1
34494 8396
34516 8396
34544 6797
34563 1
34570 6798
34573 6798
34576 2
34607 6797
34608 6797
34612 1
34626 6797
34632 6798
34638 8396
34655 1
34686 8396
34720 6797
34732 6798
34733 8396
34762 8396
34765 1
34766 8396
34783 1
34797 8396
34801 8395
34805 1
34808 1
34822 6797
34832 8396
34849 8396
34896 6798
34905 1
34913 8395
34918 1
34921 8396
34971 1
34972 6798
34981 8396
34987 6797
34993 6798
35020 8396
35025 6798
35028 1
35050 8396
35061 1
35068 1
35078 1
35124 1
35131 8396
35133 1
35164 1
35184 6798
35205 6798
35206 1
35211 8396
35213 2
35235 1
35255 6798
35261 1
35264 6798
35299 6798
35302 6798
35303 6798
35330 15194
35332 6798
35368 8396
35375 1
35383 8396
35389 8396
35410 8396
35417 1
35445 6798
35459 6797
35474 6798
35479 1
35484 8396
35501 6797
35509 6797
35521 8396
35539 6797
35553 6797
35554 8396
35560 8396
35565 6798
35567 1
35596 1
35633 6798
35663 1
35665 8395
35673 8394
35701 6798
35719 8396
35754 1
35755 6798
35780 6797
35782 1
35790 6798
35807 6798
35810 1
35818 1
35826 8396
35835 6798
35867 6798
35869 6798
35875 6798
35885 6798
35903 6798
35908 8396
35911 8395
35939 6798
35955 1
35957 6798
35958 6798
36000 1
36002 8396
36007 8396
36029 1
36032 6798
36064 6798
36070 1
36087 6797
36090 1
36112 1
36114 1
36188 6798
36199 6798
36205 1
36239 13595
36248 6798
36281 8395
36293 8396
36321 1
36322 1
36343 6798
36368 6798
36375 8395
36378 8396
36412 6797
36421 6799
36433 8396
36435 8396
36440 1
36476 8396
36479 1
36489 6798
36517 15193
36521 8397
36527 1
36532 6798
36540 1
36556 8396
36557 1
36588 1
36609 8395
36614 8396
36629 6798
36659 6798
36668 6798
36671 1
36683 6798
36706 6798
36712 6798
36717 6798
36763 6797
36766 1
36775 6798
36799 6797
36803 1
36812 6797
36815 16792
36822 1
36826 8396
36830 6798
36862 1
36869 6798
36874 8396
36883 8394
36895 6797
36899 1
36906 6798
36911 1
36912 6798
36975 8396
36979 8396
37003 1
37011 6798
37020 6798
37038 1
37042 1
37044 8396
37087 8395
37092 6798
37093 6798
37095 8396
37113 6798
37118 6798
37133 1
37170 6798
37174 8396
37177 6797
37179 6798
37187 1
37198 8396
37213 8396
37216 1
37233 6798
37242 6797
37251 6798
37252 8396
37299 1
37305 6798
37342 8396
37356 8396
37373 8396
37376 6798
37398 1
37413 8395
37421 1
37425 6798
37434 8396
37467 1
37475 8395
37476 1
37488 1
37512 1
37538 8396
37574 8396
37589 6798
37607 6798
37621 6797
37639 6798
37653 6798
37666 1
37674 6798
37695 6798
37712 1
37743 1
37750 6797
37751 1
37783 6797
37784 1
37797 8396
37806 6798
37811 6797
37827 8396
37837 1
37842 8396
37848 6798
37852 8396
37853 1
37870 8395
37908 1
37915 6797
37919 6798
37924 6798
37933 6798
37940 1
37971 6798
37986 1
37994 6798
38033 6798
38034 6798
38050 1
38068 8396
38082 8396
38104 6798
38113 6798
38120 1
38123 8396
38127 6797
38133 6797
38151 1
38154 1
38158 6798
38177 6798
38178 1
38179 1
38190 1
38197 16791
38208 15194
38210 8396
38236 8396
38273 6798
38275 6798
38278 8396
38280 8396
38291 8396
38294 1
38311 6798
38358 6798
38382 8396
38394 8396
38404 6798
38405 8396
38417 1
38435 6797
38441 8395
38460 8395
38462 8395
38472 8396
38506 6797
38547 6797
38565 6797
38568 8396
38579 1
38589 8396
38593 6798
38615 1
38625 1
38636 1
38693 6798
38719 8396
38723 1
38724 6797
38743 1
38750 6798
38785 1
38808 1
38812 1
38814 8395
38853 6798
38883 6797
38888 1
38899 8396
38901 6798
38932 6797
38951 8394
38961 6798
38992 6798
39010 1
39023 8396
39047 8397
39066 1
39079 6798
39085 6797
39087 6798
39095 6798
39112 8396
39113 1
39123 6798
39130 6798
39139 8396
39178 1
39194 8395
39252 1
39258 6798
39300 16791
39309 8395
39338 8395
39373 1
39376 6798
39394 8395
39397 6798
39405 6797
39413 6797
39419 6798
39434 8396
39446 1
39462 8396
39470 6798
39479 1
39484 8396
39501 1
39569 8396
39574 6798
39575 1
39591 6798
39592 6797
39599 8395
39613 1
39614 1
39629 1
39638 1
39642 8395
39652 6798
39673 8396
39679 6797
39688 6798
39706 8396
39714 8396
39715 8396
39725 8396
39733 8396
39737 6797
39754 1
39766 8395
39769 1
39776 8396
39786 1
39795 8396
39844 1
39859 8395
39870 8396
39897 1
39912 1
39922 8396
39929 8396
39967 1
39974 1
39983 6798
39984 6798
39990 6798
39995 8395
40001 6798
40007 6797
40014 8395
40035 1
40043 6797
40045 8395
40061 8395
40078 1
40118 8396
40129 1
40136 1
40155 6798
40158 8396
40164 8396
40176 1
40184 8396
40199 6798
40202 6798
40247 6798
40280 1
40294 6798
40306 8395
40324 1
40332 1
40340 1
40344 6797
40361 1
40372 6797
40374 8396
40378 8396
40393 1
40400 1
40401 1
40420 6798
40438 1
40452 8396
40464 8396
40477 6798
40493 6797
40582 6798
40668 8395
40678 1
40724 6798
40752 1
40754 13596
40763 8396
40766 8396
40801 1
40804 1
40813 1
40858 8396
40865 8397
40906 15194
40934 8396
40965 8396
40975 6798
40993 8395
41056 8394
41070 6798
41071 8397
41072 8396
41081 1
41092 8396
41104 6798
41111 6797
41117 6798
41141 6798
41142 8396
41145 8396
41151 13596
41169 1
41175 6798
41217 6798
41297 8396
41312 15194
41317 6797
41318 6798
41327 6798
41330 6798
41333 6798
41355 8396
41374 8396
41379 6798
41412 6798
41416 8394
41427 1
41432 1
41438 6798
41446 6798
41451 6797
41457 6797
41459 1
41463 6798
41466 8396
41483 6798
41485 6797
41494 1
41515 1
41534 8396
41546 1
41562 8396
41564 8396
41566 6797
41572 1
41575 6798
41583 6798
41598 1
41604 8395
41614 6797
41620 6798
41621 8396
41652 8396
41657 6798
41678 1
41697 6798
41700 8396
41716 6798
41760 1
41770 1
41802 8396
41803 6798
41814 8396
41821 8395
41826 1
41837 6798
41840 6798
41844 6798
41849 6797
41850 8395
41879 1
41885 1
41888 6797
41939 8395
41947 8396
41951 6798
41963 6798
41970 6798
41972 6798
41989 8396
41995 8396
42001 1
42006 1
42030 8396
42037 6797
42069 6797
42076 6798
42078 8396
42082 15193
42087 8396
42100 8395
42114 1
42120 6797
42121 6798
42126 6798
42132 6798
42136 1
42140 8395
42180 8396
42230 1
42242 1
42243 6798
42246 6798
42271 6798
42301 8396
42305 6797
42329 1
42342 8395
42345 8396
42351 8396
42357 1
42374 8396
42400 15194
42402 1
42438 1
42447 1
42465 8396
42475 6797
42478 1
42485 1
42498 8396
42507 6798
42511 8396
42523 6798
42524 13596
42555 1
42559 1
42568 8396
42575 1
42577 8396
42596 6798
42606 6797
42649 6798
42652 6798
42654 8396
42704 6798
42718 6798
42761 1
42765 8395
42766 6798
42767 1
42787 8396
42788 6798
42797 6797
42825 8396
42836 1
42837 6798
42877 1
42884 6797
42885 8396
42907 6798
42935 6798
42942 6798
42949 6798
42962 8396
42966 8396
42968 6798
42979 1
42982 8395
43000 15194
43008 6798
43018 1
43029 1
43046 1
43052 8395
43066 6798
43084 1
43085 8396
43113 1
43115 6798
43125 8396
43132 6798
43138 8396
43214 8396
43216 6798
43232 1
43246 8396
43256 6798
43258 8396
43264 8395
43265 6798
43272 8396
43276 6798
43281 6798
43302 8396
43309 6797
43314 8396
43322 6798
43384 1
43433 6799
43435 8394
43436 1
43444 6798
43474 6798
43483 8396
43512 6797
43518 1
43528 1
43541 8395
43590 8396
43600 6797
43609 1
43627 6798
43663 6798
43670 6797
43696 8396
43770 8396
43774 1
43779 6797
43789 6798
43814 8396
43848 6798
43851 8396
43854 8395
43863 8396
43886 8396
43897 8396
43913 6797
43927 6797
43928 8396
43934 8396
43945 1
43947 1
43960 8396
43964 8397
43965 8396
43971 8396
43988 1
43999 6798
44000 1
44025 6797
44036 8396
44037 6798
44038 6798
44046 15193
44056 1
44075 8396
44088 6798
44096 6798
44118 1
44124 8395
44128 6798
44136 1
44155 8396
44166 8395
44177 8396
44184 8396
44187 1
44207 8396
44230 6798
44242 6798
44248 6798
44257 6798
44262 1
44264 1
44267 1
44278 6798
44280 6798
44293 8395
44314 8396
44317 8396
44320 1
44321 8395
44326 6797
44332 1
44361 1
44367 1
44369 6798
44386 6798
44397 1
44425 6797
44440 1
44451 8396
44468 6798
44479 6798
44504 8396
44535 1
44537 6798
44574 8395
44593 8395
44603 1
44612 6797
44615 6797
44629 6797
44634 8395
44646 1
44648 15192
44650 1
44651 6798
44699 1
44707 6797
44712 6797
44714 8396
44729 6797
44742 6798
44745 1
44754 6797
44816 8396
44848 6798
44901 8394
44904 8395
44915 8396
44919 6798
44970 8396
44982 8396
45012 1
45018 6798
45040 8396
45045 1
45073 6798
45093 1
45097 16790
45121 1
45123 8395
45140 6797
45146 8396
45153 6797
45155 1
45162 6797
45171 6798
45186 1
45189 1
45215 1
45226 1
45228 8396
45235 6798
45250 8396
45258 8396
45271 6798
45280 1
45296 1
45309 1
45318 8397
45325 1
45341 6797
45362 8396
45367 1
45379 6798
45452 6798
45503 6798
45515 8396
45517 8395
45532 6797
45545 1
45558 1
45565 6798
45573 1
45575 6797
45580 1
45598 16791
45612 1
45624 8395
45669 8396
45674 6798
45684 8396
45694 6797
45700 6798
45712 1
45721 6797
45786 6798
45787 8396
45796 6798
45798 6797
45822 1
45825 6797
45827 8395
45871 8395
45881 8395
45909 1
45924 1
45933 1
45951 1
45964 6797
45977 1
45981 6798
46002 6797
46012 13595
46018 1
46034 6798
46035 6798
46036 6798
46049 6798
46056 8395
46069 1
46077 1
46101 1
46120 8396
46140 8396
46144 8396
46194 6797
46195 8396
46202 6798
46206 6800
46216 6797
46226 1
46240 6798
46250 8395
46265 1
46268 1
46273 6798
46295 6798
46315 6797
46344 6798
46359 6797
46364 8396
46383 6798
46386 8396
46419 6798
46429 1
46433 1
46435 1
46438 6798
46443 1
46451 1
46457 8396
46465 6798
46466 6798
46479 6798
46484 1
46485 1
46491 6798
46493 1
46533 6798
46535 6798
46536 6798
46568 1
46569 6798
46572 1
46584 6798
46586 8396
46597 6798
46598 8395
46623 8395
46644 2
46658 6797
46668 6798
46669 6798
46670 6798
46689 1
46690 6797
46700 1
46727 1
46739 1
46754 6797
46755 8397
46762 8396
46767 8396
46768 6798
46788 8396
46790 8396
46793 6798
46799 1
46813 6798
46820 8396
46825 6798
46838 6798
46858 8396
46874 8396
46892 8396
46896 1
46903 8396
46904 6798
46917 6798
46933 8394
46951 6797
46953 1
46954 6797
46965 8396
46970 8396
46973 1
46982 1
46990 6799
46997 8397
46999 1
47004 8396
47011 1
47030 6798
47038 8395
47045 8396
47059 8396
47061 8395
47068 6797
47072 8396
47103 6798
47107 6797
47119 8396
47134 6798
47145 6797
47201 6797
47206 8396
47208 8396
47217 8396
47237 6798
47241 2
47254 1
47256 1
47268 6798
47273 8396
47283 6798
47285 1
47311 6798
47313 1
47337 1
47354 6798
47385 6798
47397 1
47403 8396
47412 6798
47434 8396
47435 8396
47444 8396
47478 1
47479 6798
47486 6798
47491 1
47503 1
47520 6797
47526 16791
47568 6798
47582 8396
47584 8395
47603 6798
47615 1
47645 6797
47658 1
47682 6797
47684 8396
47688 1
47694 8396
47713 1
47716 1
47731 1
47736 1
47748 1
47780 6798
47783 1
47802 6797
47892 8396
47898 6798
47911 6798
47913 6798
47934 1
47952 1
47982 1
47986 8396
47996 6798
48006 6798
48007 8396
48036 8396
48047 8396
48052 1
48063 1
48069 1
48086 1
48091 8396
48128 8396
48167 1
48196 8396
48205 2
48211 1
48216 6798
48229 1
48234 1
48235 6797
48248 6797
48279 1
48285 8396
48297 6798
48301 6798
48302 8395
48307 6798
48312 6798
48323 6798
48342 8396
48348 6798
48349 1
48378 1
48381 1
48394 8396
48409 6798
48412 1
48420 2
48425 8396
48427 8396
48430 1
48444 6797
48451 8396
48481 8396
48483 6797
48486 6798
48500 1
48509 1
48510 6797
48515 8395
48517 1
48523 6798
48564 1
48600 8395
48627 1
48649 6798
48650 8395
48700 1
48715 8396
48724 6798
48750 6798
48780 8396
48825 6797
48842 8396
48857 8396
48859 1
48901 6797
48909 1
48926 6797
48943 6797
48946 8396
48953 6798
48954 6798
48960 8396
48968 6797
48974 1
49001 1
49003 6798
49008 6797
49012 8395
49031 6798
49033 6798
49047 8397
49050 1
49060 1
49065 8396
49087 6798
49102 8396
49113 1
49153 6798
49171 8396
49183 1
49202 8396
49213 8395
49252 6797
49267 1
49287 6799
49295 8396
49315 6797
49326 1
49328 1
49348 6798
49361 8396
49370 6797
49381 6798
49383 1
49407 6798
49448 8396
49450 6798
49456 6797
49468 1
49472 1
49506 6798
49508 1
49528 8395
49559 8396
49562 1
49564 1
49578 6797
49584 8396
49593 1
49595 1
49602 6798
49604 6798
49616 1
49625 6798
49626 6798
49630 2
49699 1
49704 6797
49705 1
49709 8396
49727 1
49750 1
49763 6798
49766 1
49768 6798
49783 1
49786 1
49804 6798
49812 8396
49818 6798
49840 1
49842 6798
49901 1
49936 8396
49957 6798
49971 8396
49982 1
49984 8396
50006 8396
50009 6798
50012 8396
50016 8395
50026 6798
50044 6798
50045 8396
50059 6798
50115 6797
50134 6798
50142 8395
50143 1
50172 6797
50190 8396
50207 6798
50215 6798
50223 8396
50254 8396
50271 6798
50274 8394
50287 6797
50294 1
50302 8396
50345 8396
50348 6798
50353 15193
50357 1
50367 6798
50404 8396
50413 8395
50420 8395
50429 6798
50435 6798
50469 8396
50476 6797
50480 1
50483 1
50518 6798
50526 1
50529 8396
50536 6798
50559 1
50574 8396
50581 8396
50605 8396
50619 8395
50625 1
50648 1
50664 8396
50684 1
50688 8396
50715 6798
50738 1
50748 1
50758 1
50782 6798
50794 6797
50822 8396
50824 1
50828 1
50857 8396
50893 6797
50903 6798
50906 8395
50913 8396
50919 8395
50933 8395
50948 1
50980 1
50981 1
50987 6798
51003 6798
51004 8396
51040 8395
51045 1
51110 1
51111 6798
51127 8396
51136 1
51137 1
51142 1
51160 8395
51165 1
51208 1
51218 1
51245 1
51246 8395
51252 1
51267 8396
51282 6799
51290 1
51322 8396
51324 6798
51336 6798
51358 6798
51378 8396
51382 1
51387 1
51401 1
51428 8396
51460 8396
51472 1
51521 6798
51527 6798
51544 6798
51550 8396
51593 1
51597 6797
51607 1
51618 6798
51628 8396
51665 6797
51671 1
51673 6797
51707 1
51713 1
51715 8396
51716 6798
51727 6798
51749 6797
51759 6798
51763 1
51774 1
51808 8396
51830 8396
51873 8395
51908 6798
51909 6798
51931 1
51934 1
51950 6797
51951 6797
51956 8396
51987 6797
51990 6797
52033 8396
52057 1
52064 8395
52070 6798
52108 8396
52113 8396
52128 8396
52150 1
52155 6798
52159 6798
52184 1
52201 1
52211 8395
52235 8396
52255 8395
52259 8396
52264 6798
52284 6798
52305 1
52335 8396
52348 6798
52351 6798
52365 6798
52374 8396
52391 6798
52393 1
52398 6798
52409 6798
52413 8396
52436 8396
52455 6798
52476 6798
52549 8396
52551 1
52553 8395
52567 1
52568 1
52584 2
52599 6797
52604 6798
52607 1
52610 1
52647 1
52648 6798
52657 6798
52689 6798
52693 8396
52694 1
52720 6798
52766 1
52767 8396
52802 8396
52810 1
52828 8396
52838 6798
52857 8396
52859 8396
52871 8396
52874 1
52876 6798
52885 8396
52887 1
52889 6797
52898 1
52910 8396
52924 8396
52927 1
52947 6798
52950 1
52965 1
52976 6798
52998 6798
53003 8396
53030 8396
53032 1
53052 1
53068 1
53078 6798
53087 1
53093 8396
53094 1
53104 6797
53117 8396
53155 6798
53167 1
53177 1
53180 8395
53183 8395
53188 6798
53235 8396
53252 8396
53256 6798
53260 1
53298 6797
53312 8396
53330 8395
53333 8395
53343 6798
53351 8395
53377 1
53382 1
53388 6797
53400 6798
53406 15193
53415 8396
53446 6797
53450 6798
53460 6798
53466 1
53479 1
53488 1
53494 6797
53513 8396
53529 1
53531 8396
53536 8395
53544 15194
53547 6798
53561 8396
53563 6798
53572 6798
53574 1
53596 1
53608 6798
53650 8395
53653 13596
53668 6797
53669 6798
53680 1
53682 1
53691 8396
53695 8396
53738 8396
53743 1
53792 8396
53809 1
53811 6798
53842 1
53851 8396
53869 8395
53872 1
53874 8395
53882 8396
53896 1
53898 6798
53903 1
53904 8395
53935 1
53939 1
53954 8395
53962 8395
53963 8396
54000 8395
54026 1
54035 6798
54049 6798
54070 6798
54083 6799
54089 8396
54093 1
54098 1
54108 1
54128 6798
54147 6797
54155 8396
54178 1
54192 1
54205 6797
54206 1
54208 6798
54210 8395
54211 8396
54213 1
54233 1
54248 6798
54257 1
54265 6798
54269 8396
54292 8396
54307 8396
54365 8396
54383 6797
54405 6798
54425 1
54428 8396
54447 8396
54465 1
54473 8396
54478 8396
54485 6798
54512 8396
54516 6798
54520 8396
54531 1
54538 6797
54540 8396
54569 6798
54583 1
54585 6798
54588 8396
54614 8396
54616 6798
54622 6798
54664 1
54667 1
54693 8396
54699 6798
54702 8396
54707 6798
54730 6798
54734 8395
54736 8397
54757 6798
54763 1
54766 8396
54776 8395
54778 6798
54802 6798
54814 6798
54836 1
54851 6797
54874 6798
54885 1
54898 1
54912 6798
54934 1
54957 6798
54966 16792
54993 8396
54995 1
55018 8395
55025 6798
55037 6798
55046 8396
55048 6797
55051 6798
55061 1
55064 1
55076 8396
55101 1
55114 6798
55119 8395
55131 1
55160 8396
55163 6798
55186 6798
55199 8395
55212 1
55228 1
55278 6798
55296 8395
55308 8396
55312 8396
55320 6798
55341 1
55349 6798
55351 8394
55357 1
55368 6798
55399 1
55411 1
55426 8396
55438 1
55451 8395
55460 8396
55485 8396
55492 6798
55500 8396
55527 6798
55537 6797
55548 1
55578 8396
55593 8396
55601 1
55607 1
55616 8396
55629 8396
55637 8396
55646 8396
55662 1
55668 1
55681 6798
55690 6798
55697 8395
55705 1
55728 1
55730 6798
55739 8395
55766 1
55799 8396
55813 1
55833 1
55875 8395
55880 8396
55884 1
55903 8396
55924 1
55928 8396
55936 6798
55943 6797
55952 6798
55953 1
55954 8396
55963 1
55977 8395
55984 6798
55990 6798
56006 8396
56022 8396
56039 1
56045 1
56052 1
56070 8395
56079 8396
56085 6799
56133 1
56138 8395
56139 6798
56163 1
56167 8395
56179 1
56187 1
56196 6798
56207 6798
56225 1
56238 6798
56242 6798
56243 6798
56250 8395
56262 8397
56263 1
56269 6798
56277 1
56287 1
56292 1
56299 6798
56302 1
56327 8396
56342 6798
56344 1
56388 6798
56393 1
56407 1
56412 1
56419 8395
56431 1
56464 8396
56492 1
56495 1
56499 6798
56504 6798
56510 6798
56555 1
56602 8396
56612 1
56618 1
56640 6798
56667 8396
56670 6798
56692 6798
56719 1
56735 1
56748 8396
56788 8395
56791 6798
56796 1
56801 15193
56823 8396
56841 8395
56851 13596
56852 8396
56864 6798
56866 6798
56869 1
56883 8396
56888 8396
56901 1
56929 8395
56933 6797
56943 6798
56979 8396
57029 6798
57053 6798
57066 1
57073 8396
57126 6797
57136 8395
57138 8396
57217 8396
57223 6798
57229 8396
57243 1
57285 6798
57301 1
57308 8396
57311 1
57326 6798
57332 8395
57375 1
57383 6797
57385 6798
57400 6798
57419 8396
57425 8395
57446 1
57448 6798
57499 6798
57506 6797
57517 1
57529 6798
57532 8396
57542 1
57549 6798
57554 8396
57580 6798
57585 6798
57595 1
57609 6798
57616 6798
57631 8395
57686 1
57692 6798
57693 8396
57722 6798
57732 8396
57765 1
57777 8395
57796 8395
57797 1
57816 6798
57837 6798
57843 6797
57863 1
57886 8396
57894 1
57911 6798
57932 16791
57957 1
57964 6798
57969 8395
57986 6797
58004 6798
58011 1
58013 1
58039 8396
58073 8396
58129 6797
58136 6798
58152 8396
58167 6798
58173 6797
58204 1
58220 8396
58236 6798
58271 6797
58272 6798
58274 6798
58289 6798
58290 6798
58292 8396
58329 1
58343 8396
58347 6798
58367 8396
58368 8396
58383 1
58389 1
58404 6798
58430 1
58435 1
58436 1
58438 1
58439 1
58494 6797
58503 6798
58518 8395
58520 8395
58544 6798
58551 6798
58554 8396
58562 8396
58567 6798
58568 8396
58585 2
58596 8396
58629 1
58643 2
58670 2
58683 6797
58689 1
58693 8396
58704 6797
58725 6798
58741 1
58760 8396
58761 1
58789 6798
58796 1
58834 8395
58835 8397
58866 6799
58869 8396
58878 8396
58881 8396
58907 8395
58915 1
58928 1
58947 1
58950 6798
58966 1
58968 8395
59021 8396
59034 6797
59047 1
59050 8396
59063 1
59087 1
59089 8396
59095 6798
59103 1
59126 6798
59130 6798
59133 6798
59147 1
59152 6798
59174 8396
59223 8395
59226 6798
59263 1
59286 1
59316 1
59328 1
59366 1
59368 6797
59376 8396
59379 1
59380 1
59382 6797
59411 6798
59412 6797
59413 6798
59414 6798
59428 1
59455 1
59458 8395
59460 8396
59471 8396
59498 8396
59536 8395
59554 6797
59565 1
59570 1
59575 6798
59587 8396
59596 6798
59630 6798
59637 6797
59647 6798
59648 6798
59653 8396
59703 1
59706 1
59717 1
59730 1
59750 6798
59757 8396
59763 1
59776 8396
59786 6798
59789 1
59799 8396
59807 1
59826 1
59843 6797
59850 8396
59853 8396
59860 2
59863 6798
59864 8396
59865 1
59875 1
59876 8396
59912 8396
59919 8396
59929 1
59930 6797
59959 6798
59962 6798
59964 8396
59978 6797
59986 1
59993 1
59994 6798
59999 1
60000 6798
60020 8396
60026 1
60029 1
60033 6798
60043 8396
60046 1
60129 8396
60132 1
60135 6798
60172 6798
60175 8396
60185 8395
60186 6798
60206 6797
60213 8395
60233 6797
60265 8395
60288 8396
60295 6798
60299 1
60320 1
60324 1
60345 1
60375 8396
60414 8396
60426 8394
60440 6798
60454 8395
60462 1
60510 6798
60513 1
60515 1
60521 8396
60584 6798
60587 1
60594 1
60630 8396
60641 8396
60646 6797
60655 8395
60662 6797
60678 1
60699 1
60744 1
60759 6798
60770 6798
60782 6798
60789 8394
60793 8396
60805 6798
60809 8396
60822 6798
60828 1
60832 8395
60841 6797
60851 6798
60853 8395
60871 8396
60878 6798
60888 1
60901 8396
60935 6797
60943 6797
60944 6798
60973 6798
61006 1
61015 1
61024 8396
61033 8395
61060 8396
61077 6798
61092 1
61099 1
61103 6798
61120 8396
61121 6797
61123 8396
61151 1
61153 1
61183 1
61189 6798
61191 6798
61194 6798
61197 8396
61215 8395
61230 6797
61243 6797
61249 6798
61252 1
61255 1
61259 1
61266 1
61294 6797
61297 8395
61299 1
61306 6799
61322 8396
61327 8395
61344 8396
61345 6797
61379 6798
61381 1
61394 8396
61418 6798
61462 1
61463 1
61467 6798
61473 8396
61476 1
61495 1
61509 1
61511 6797
61535 6798
61563 6798
61575 6798
61590 8396
61603 1
61617 8395
61622 6798
61627 1
61632 8396
61637 8396
61643 6798
61649 1
61663 8395
61668 6798
61727 8396
61758 6798
61792 1
61799 8396
61817 6798
61819 6797
61827 6797
61833 6797
61851 6798
61869 6797
61884 6798
61892 6798
61917 6798
61922 8396
61928 8396
61930 6798
61940 16792
61951 6798
61956 1
61957 6797
61964 6798
61965 8395
61971 8396
61977 1
61990 1
62009 1
62012 6798
62058 1
62059 6797
62088 8395
62102 1
62115 1
62123 8396
62126 8396
62130 8396
62149 8394
62182 1
62205 8395
62210 1
62226 8396
62238 6798
62264 6798
62268 6798
62285 6799
62294 8395
62308 1
62325 6798
62356 8396
62363 6798
62398 6798
62405 8395
62424 8396
62452 8396
62455 6798
62479 8396
62485 8395
62497 1
62507 6798
62516 1
62531 1
62540 1
62593 8396
62605 1
62615 6798
62617 8395
62622 8395
62639 1
62664 6797
62686 1
62695 6798
62746 8396
62750 1
62768 8396
62772 6798
62774 6798
62804 6798
62813 1
62814 8396
62818 6798
62822 1
62828 1
62837 8396
62839 1
62854 1
62864 1
62896 8396
62908 6797
62921 8396
62939 1
62963 6797
62964 8396
62983 6798
62996 6797
63017 1
63022 8396
63025 6799
63038 8396
63050 6798
63059 8396
63065 1
63088 6798
63104 8396
63107 6797
63114 6798
63119 1
63126 6799
63127 6798
63155 8396
63200 1
63216 8396
63243 1
63270 1
63299 6798
63308 15193
63309 6798
63314 6798
63369 8396
63378 6797
63387 1
63398 1
63400 6798
63416 6798
63424 6798
63428 6798
63438 6798
63484 8396
63493 1
63495 6798
63506 1
63522 1
63549 6798
63562 1
63573 8396
63575 6797
63612 1
63628 8396
63635 6798
63637 1
63674 8396
63678 6798
63687 1
63692 1
63701 6798
63707 8396
63714 6798
63758 1
63802 8396
63837 6798
63845 6798
63848 1
63853 8395
63878 8396
63886 8396
63919 8396
63924 1
63928 6798
63937 8396
63977 1
63982 8396
63989 8396
63990 8396
63994 8396
63995 8396
63997 6798
63998 6798
64000 8395
64001 1
64010 6798
64057 6797
64085 6798
64097 16792
64149 6798
64165 6797
64171 6797
64213 1
64218 6797
64229 1
64231 6798
64243 1
64265 8396
64282 8395
64289 1
64296 8396
64303 8396
64320 1
64333 8396
64343 1
64415 1
64422 8397
64423 6797
64428 6797
64457 1
64462 6797
64477 1
64483 1
64489 6798
64504 6798
64514 6798
64516 6797
64521 8396
64522 1
64535 1
64537 6798
64622 1
64651 8396
64661 8396
64676 8396
64678 6797
64701 8395
64705 6798
64741 6798
64768 6798
64809 8396
64820 1
64821 1
64832 6797
64841 8396
64856 6798
64870 8396
64886 6799
64891 8395
64902 6797
64937 6798
64967 6798
64992 6798
64995 1
65013 6798
65017 8395
65039 8396
65048 6797
65067 1
65071 8396
65089 6798
65099 6798
65100 6799
65113 6798
65117 1
65122 8396
65149 1
65201 6798
65216 6797
65225 1
65230 6797
65243 6798
65245 6799
65265 8396
65266 8395
65273 6798
65274 6798
65276 1
65287 6797
65305 1
65349 8396
65351 8395
65353 6798
65355 6798
65362 6798
65364 1
65376 8396
65388 1
65391 1
65406 6798
65421 6797
65422 6797
65438 8396
65444 6798
65467 8395
65494 6798
65503 8396
65506 6798
65509 6798
65528 6798
65535 8396
65551 6798
65560 6798
65567 1
65568 1
65611 8396
65612 1
65632 8396
65670 1
65705 1
65708 6798
65720 8395
65736 6798
65762 8395
65775 6797
65779 6798
65783 6798
65794 1
65800 8396
65807 6798
65825 8395
65839 8396
65853 1
65861 8395
65870 6797
65877 6797
65882 1
65890 1
65899 1
65912 6798
65915 8396
65942 13595
65968 6797
65969 1
65970 1
65972 8395
65979 1
65981 1
65993 1
66005 1
66024 6798
66028 6798
66052 1
66056 1
66058 6797
66063 1
66084 6798
66109 6798
66125 6798
66128 1
66132 8396
66133 8396
66142 8395
66151 6798
66153 1
66157 8396
66165 1
66181 6798
66188 8395
66191 1
66192 6798
66200 8394
66215 1
66221 6797
66232 8395
66246 6797
66254 8395
66268 8395
66273 8395
66281 1
66297 6798
66333 6797
66347 6798
66375 6798
66386 6798
66394 8396
66424 1
66427 6798
66431 6798
66443 1
66456 1
66458 1
66462 1
66506 8396
66522 6798
66536 1
66537 1
66548 1
66567 6797
66632 6797
66643 6798
66685 6798
66695 8397
66698 6798
66701 8395
66731 8396
66737 8396
66741 6798
66746 1
66756 6798
66763 8396
66800 1
66802 6798
66808 1
66823 1
66846 8396
66886 8395
66897 1
66898 6798
66905 8396
66907 6797
66910 8396
66913 6797
66916 6798
66929 1
66954 6797
66969 8396
66977 1
66981 6798
67006 8395
67014 6797
67019 6797
67039 1
67048 8396
67062 6797
67111 6798
67116 6797
67131 6797
67140 8396
67200 1
67217 1
67242 6797
67243 6798
67252 6798
67270 1
67278 8396
67280 6798
67282 1
67289 1
67290 8396
67309 6798
67314 8397
67331 6798
67348 6798
67349 1
67353 6798
67358 8396
67367 1
67368 8396
67370 6798
67371 6798
67373 6798
67387 1
67390 1
67404 6798
67418 8396
67440 1
67444 1
67455 8396
67493 8395
67506 6798
67542 6797
67550 6798
67601 6798
67603 1
67617 6798
67627 15193
67685 8397
67747 1
67769 1
67783 13595
67806 8395
67809 6797
67815 6798
67831 8396
67838 8396
67846 6798
67852 6798
67877 6798
67905 6798
67910 15193
67913 8396
67917 8396
67926 1
67931 8396
67957 8396
68008 6798
68022 8394
68033 1
68040 1
68045 1
68059 1
68075 8396
68080 6798
68081 8396
68094 1
68103 1
68135 6797
68139 1
68177 6797
68218 6797
68220 6798
68225 6798
68244 6798
68246 1
68248 8396
68316 8395
68320 6798
68325 6798
68374 8396
68395 1
68435 1
68448 6798
68497 1
68500 8397
68517 6797
68521 1
68540 1
68546 6798
68569 6798
68589 1
68593 8396
68605 8396
68625 1
68636 6798
68650 1
68662 1
68668 6798
68669 8396
68704 6798
68753 6797
68755 8396
68756 6798
68768 8396
68770 1
68777 8396
68782 1
68785 8395
68787 1
68810 6797
68816 1
68822 1
68838 8396
68842 8396
68853 1
68855 1
68876 6797
68882 1
68942 6798
68944 1
68954 1
68959 8396
68982 6798
68998 1
69034 6798
69043 1
69047 6798
69057 6798
69084 8395
69090 1
69091 8396
69097 1
69114 8396
69119 1
69123 8396
69129 1
69134 6798
69137 6797
69154 6797
69182 1
69184 8396
69193 6798
69204 6798
69221 6798
69230 6797
69234 6798
69258 1
69268 6798
69274 6797
69278 1
69288 8395
69301 8395
69319 8395
69325 1
69340 6797
69351 6798
69361 23589
69379 8395
69395 6797
69413 8395
69420 1
69425 6798
69439 8396
69450 8396
69458 6797
69463 6798
69465 1
69467 6797
69468 6798
69482 1
69483 8395
69493 8396
69513 1
69528 6798
69544 6797
69551 8395
69573 6797
69578 1
69582 1
69586 6798
69605 6798
69612 1
69621 8395
69624 1
69646 8396
69653 1
69679 8396
69686 1
69692 1
69693 1
69712 1
69719 1
69729 6797
69734 8396
69744 1
69745 6798
69746 8396
69748 8395
69762 6797
69771 6798
69775 6797
69779 8396
69804 1
69807 1
69817 1
69844 6798
69852 1
69863 6797
69868 6798
69890 6798
69893 6798
69896 1
69911 8395
69918 8396
69919 1
69979 8396
69998 8396
70003 6798
70016 6798
70019 6799
70047 8396
70058 6797
70067 8395
70071 15193
70075 8396
70077 8396
70105 1
70138 1
70180 13596
70205 8396
70212 8395
70218 1
70219 1
70232 6798
70249 1
70252 8396
70270 8396
70295 6798
70311 8396
70315 1
70320 8396
70326 6797
70328 8396
70338 1
70354 6797
70361 6797
70363 8397
70396 6798
70397 8396
70398 6798
70415 8396
70454 6798
70456 1
70479 1
70493 8396
70494 6798
70526 8395
70535 6797
70541 8396
70572 8395
70573 6797
70594 1
70598 1
70628 1
70634 6798
70641 6798
70648 8397
70659 6797
70671 8395
70673 8396
70676 1
70697 8396
70735 8396
70737 6798
70742 6797
70757 6798
70761 8396
70766 1
70771 8396
70776 6798
70785 6798
70797 1
70810 1
70828 1
70833 1
70852 6797
70874 8396
70876 6798
70892 8396
70904 1
70906 8395
70912 1
70962 1
70978 8396
70988 6798
71000 16792
71006 8396
71007 8396
71042 6798
71061 13596
71062 8396
71072 6797
71074 1
71086 6798
71089 8396
71095 6798
71101 6797
71103 8395
71106 1
71152 6798
71159 8396
71171 8395
71190 1
71216 1
71223 6799
71252 6798
71258 1
71289 6797
71303 8394
71306 8395
71311 8396
71321 1
71322 8396
71335 6797
71344 8396
71347 1
71358 1
71399 6798
71412 6798
71425 1
71436 8396
71445 6797
71449 6798
71459 1
71473 6798
71483 8396
71504 8396
71517 13596
71545 8395
71552 1
71555 6798
71566 8396
71576 6798
71583 1
71604 6797
71611 8396
71634 8396
71653 8396
71674 6798
71705 1
71707 6798
71768 8396
71773 6798
71779 6798
71790 1
71791 6798
71802 6797
71821 1
71837 6798
71843 6798
71847 1
71855 1
71860 8396
71886 6798
71887 6798
71892 8396
71894 1
71904 1
71913 8396
71916 1
71937 6797
71948 6798
71950 8396
71956 1
71985 1
71999 6798
72000 6798
72003 8396
72008 1
72032 8396
72048 1
72079 6797
72081 6798
72104 6797
72109 8396
72111 6798
72163 8396
72208 8395
72227 6797
72229 1
72230 6797
72294 1
72295 8395
72304 1
72311 8396
72317 1
72327 8396
72350 6797
72366 1
72373 6797
72395 1
72400 1
72420 8396
72427 6798
72431 8396
72434 1
72435 1
72465 6798
72477 6797
72485 6798
72541 6797
72554 8395
72556 6799
72562 6798
72581 1
72609 1
72627 1
72628 6797
72630 8395
72638 8395
72649 1
72656 8396
72660 1
72681 6797
72685 1
72697 1
72699 1
72713 6798
72715 1
72725 1
72738 6798
72760 8396
72767 6798
72768 8396
72771 6798
72794 8395
72848 6798
72867 6798
72892 1
72898 1
72901 6798
72924 1
72927 1
72936 8396
72937 6798
72945 1
72956 8396
72962 1
72982 6797
72991 6798
73008 6797
73021 1
73025 6798
73044 8396
73047 8395
73082 1
73084 8396
73085 6797
73096 6798
73112 15193
73124 1
73126 1
73132 1
73144 6797
73151 8396
73152 6798
73174 1
73187 6798
73189 6798
73200 6798
73240 1
73275 8396
73285 1
73304 6799
73310 6797
73317 1
73330 6798
73338 1
73346 6798
73360 8396
73374 6797
73375 1
73377 1
73391 8396
73401 6797
73408 16791
73413 6798
73429 8396
73446 6798
73495 6798
73512 15194
73523 8396
73537 8396
73572 1
73577 1
73591 1
73602 6798
73615 8396
73616 1
73630 1
73631 8396
73633 6798
73640 6799
73646 1
73653 6797
73675 1
73681 8396
73685 6798
73695 6798
73722 6798
73738 8396
73742 6798
73749 8395
73754 1
73773 8396
73778 8396
73797 6798
73802 8395
73808 6798
73809 1
73811 1
73873 6798
73876 8396
73877 1
73878 6798
73879 6798
73886 1
73964 6798
73979 8396
74015 1
74030 6798
74034 6799
74065 1
74069 8396
74089 8396
74091 8396
74096 6798
74097 1
74119 6798
74125 8396
74165 1
74188 1
74217 1
74279 8395
74280 1
74283 8396
74305 8396
74349 8396
74426 1
74442 8396
74446 6798
74473 8395
74477 6798
74495 1
74503 1
74506 6797
74511 1
74517 6798
74524 6798
74530 1
74551 8395
74556 6798
74582 8396
74583 1
74589 6797
74590 6798
74617 1
74619 8395
74626 6797
74634 8396
74670 8396
74719 8396
74748 6798
74757 8396
74773 1
74776 6797
74796 1
74797 15193
74800 8395
74804 6797
74806 1
74815 1
74837 1
74860 1
74876 8395
74930 6798
74931 1
74943 1
74971 8395
74980 1
74982 1
74994 8396
75025 8396
75032 8395
75034 6798
75048 1
75079 1
75082 6798
75127 8396
75130 6799
75131 8396
75137 6798
75144 6798
75189 6797
75198 8396
75255 6798
75264 8396
75274 6798
75290 6798
75292 8395
75307 6797
75308 6799
75315 6798
75317 8396
75327 8396
75350 6798
75360 6797
75370 6798
75380 1
75383 6798
75390 6798
75393 6797
75394 8395
75417 6798
75421 8395
75423 6798
75449 1
75476 8396
75478 8396
75490 6798
75492 8396
75517 6798
75543 1
75567 6798
75570 8395
75591 6798
75596 1
75612 1
75614 6797
75633 8396
75642 6798
75646 8396
75659 6798
75683 8396
75693 1
75725 8395
75726 1
75733 8396
75737 1
75742 6798
75755 8395
75761 6798
75766 6798
75782 1
75783 1
75788 8395
75794 6798
75797 8396
75811 6797
75833 1
75854 8396
75886 6797
75890 8395
75895 1
75902 1
75905 6798
75908 8396
75909 8396
75918 1
75936 6798
75964 8396
76033 1
76039 1
76060 1
76111 6798
76123 6798
76152 8396
76177 8396
76180 8396
76185 8396
76193 1
76194 1
76206 8396
76222 1
76236 1
76239 8396
76247 6798
76279 13596
76329 1
76340 8396
76352 8395
76366 6798
76393 1
76396 8396
76399 1
76408 1
76412 6797
76413 8396
76420 1
76446 6799
76455 8396
76474 6797
76475 1
76476 8396
76484 1
76487 6798
76494 6798
76495 1
76500 8396
76508 1
76511 1
76522 1
76533 6798
76622 6798
76628 1
76640 8396
76664 6798
76672 1
76735 6798
76737 8396
76751 1
76757 1
76762 6798
76769 1
76775 13596
76787 6798
76798 6797
76810 1
76851 1
76853 6797
76864 1
76880 1
76882 8395
76899 8395
76910 8396
76912 6797
76939 6797
76955 1
76978 1
76986 1
76994 8396
77003 8396
77020 6798
77046 1
77055 6797
77072 6798
77077 6797
77078 6798
77081 6798
77086 6797
77099 1
77121 8396
77126 1
77186 8396
77202 1
77210 6798
77234 1
77263 6797
77264 8397
77276 8396
77293 8396
77316 6797
77319 6798
77322 1
77331 8395
77360 1
77437 6798
77438 8396
77453 16791
77456 6798
77476 1
77477 1
77517 6798
77561 8396
77571 8395
77591 6798
77599 1
77658 1
77665 1
77681 1
77682 6797
77685 15194
77712 8396
77738 1
77758 6798
77759 8396
77761 1
77785 6798
77808 8396
77809 1
77815 2
77829 6799
77831 8395
77833 6798
77861 6798
77888 8395
77900 8396
77901 6798
77902 1
77913 8396
77932 6798
77935 6797
77946 8396
77965 6798
77974 8396
77978 6797
77979 1
77983 1
78021 1
78065 6798
78081 1
78090 6798
78106 8396
78113 1
78135 6798
78157 8396
78202 6797
78203 6797
78208 1
78223 6798
78246 8396
78265 6798
78284 8396
78309 8395
78315 1
78348 1
78354 23590
78363 6798
78364 1
78407 6798
78433 8396
78437 1
78441 6797
78454 1
78456 6797
78466 8396
78469 6798
78471 8396
78494 8396
78531 6797
78537 1
78539 8395
78540 1
78545 8396
78603 8396
78615 6798
78619 6797
78620 6797
78663 6798
78672 6798
78694 1
78714 6797
78718 8396
78733 6798
78774 1
78782 8396
78794 6798
78840 1
78874 8396
78879 8396
78904 6798
78911 8396
78952 8396
78971 6798
78996 1
79006 8396
79049 6798
79060 13595
79065 6798
79092 8396
79093 6798
79099 6798
79105 1
79115 1
79128 6798
79136 8395
79138 8395
79141 6797
79157 1
79169 8396
79180 6798
79186 6798
79201 8396
79208 6798
79227 8395
79245 6797
79251 6798
79281 6798
79284 8396
79293 1
79315 6798
79328 8396
79336 8396
79346 6798
79356 8396
79361 8396
79389 6797
79400 1
79416 6798
79421 1
79456 8396
79473 8395
79476 1
79478 6797
79484 6798
79493 8396
79505 6797
79512 1
79513 1
79518 6798
79522 6797
79552 6797
79585 6798
79600 8396
79612 1
79614 6797
79629 6797
79651 1
79661 6797
79673 1
79689 1
79691 6797
79693 6798
79702 1
79704 1
79708 1
79722 8395
79761 6798
79767 6798
79774 1
79784 6797
79789 1
79827 6797
79847 6797
79856 1
79862 6798
79864 8396
79873 8396
79877 6798
79895 8396
79896 8396
79906 1
79931 1
79965 1
79987 6798
79992 8395
80001 6798
80007 8397
80049 6798
80062 15194
80066 1
80080 6798
80109 1
80163 8396
80177 1
80200 8395
80215 8396
80221 6798
80253 1
80274 8396
80279 8396
80292 6798
80295 8395
80305 6798
80308 1
80310 8396
80313 6798
80315 8395
80329 6797
80334 6797
80353 6798
80368 6798
80395 1
80408 8397
80426 6797
80461 1
80474 6798
80508 15195
80516 6797
80568 6798
80575 6798
80579 6798
80589 8396
80592 1
80602 1
80604 1
80616 1
80648 1
80651 6798
80652 6798
80666 1
80670 6798
80747 8396
80768 1
80811 6798
80814 6798
80816 1
80832 8396
80840 6797
80854 1
80864 8394
80869 8396
80873 8395
80880 8396
80882 1
80894 6798
80895 6798
81019 1
81032 8395
81035 6797
81058 8396
81063 6797
81098 8396
81105 6798
81120 8396
81134 1
81137 6798
81140 6798
81145 6798
81150 8396
81154 6798
81158 1
81168 8396
81172 6798
81174 8396
81185 1
81187 1
81198 6798
81206 1
81207 6798
81237 8396
81252 8397
81256 8396
81260 1
81287 1
81288 1
81302 1
81316 6798
81320 6798
81336 6798
81355 1
81383 6798
81416 1
81418 8396
81421 8396
81445 6798
81453 1
81454 15193
81456 6798
81458 8396
81485 6798
81531 1
81532 6798
81538 1
81542 1
81562 8396
81571 8396
81593 8396
81602 1
81619 8396
81622 6797
81624 6797
81627 1
81646 6798
81658 8396
81673 8395
81686 8395
81688 6798
81693 6797
81713 6798
81717 8395
81724 8396
81731 8396
81757 13596
81765 8396
81766 1
81771 6798
81777 6798
81783 1
81792 1
81806 6798
81837 8396
81844 6798
81900 6798
81905 6798
81925 8395
81952 1
81984 6798
81990 1
82000 1
82002 8396
82003 6798
82005 1
82012 6797
82020 2
82034 6798
82044 8396
82061 8394
82097 6798
82100 6798
82101 8396
82111 1
82133 6798
82135 6798
82142 6798
82149 1
82159 6798
82170 8396
82173 1
82176 8396
82181 6797
82193 8396
82214 1
82257 8395
82265 8396
82269 1
82285 13595
82292 8395
82308 1
82312 8396
82316 6798
82318 8396
82321 6798
82325 6799
82340 6798
82346 6797
82353 1
82376 6798
82384 6798
82407 6797
82431 6798
82433 6798
82434 13596
82436 1
82454 1
82482 8396
82491 6798
82493 6798
82495 8396
82505 8397
82539 8396
82550 6797
82570 1
82604 6797
82605 8395
82611 1
82621 8396
82642 8396
82686 1
82694 6798
82755 1
82772 6797
82784 6798
82800 1
82844 6797
82851 8396
82873 6797
82874 6798
82877 1
82879 8397
82899 8396
82929 8396
82939 6798
82962 6798
82964 8395
82993 1
83011 8395
83020 1
83023 1
83027 6798
83057 1
83061 1
83082 6797
83093 1
83096 8395
83105 8394
83121 1
83154 6798
83171 1
83182 1
83183 8396
83197 1
83217 6797
83219 6797
83226 1
83279 8396
83281 6798
83285 8396
83286 6798
83288 1
83305 6798
83306 1
83323 6797
83329 1
83340 1
83343 8396
83363 8396
83370 6798
83375 6798
83389 6797
83394 6797
83396 8396
83405 8395
83407 8396
83448 8396
83452 1
83479 6798
83485 8396
83511 8395
83514 1
83521 8396
83531 1
83533 6798
83536 6798
83565 6798
83581 8396
83606 8396
83620 2
83636 8396
83637 1
83640 6798
83651 6798
83667 1
83695 8396
83702 1
83705 6798
83711 1
83719 6798
83728 8396
83753 1
83761 6798
83766 13596
83793 1
83823 6798
83846 6798
83849 6797
83871 6798
83874 6797
83875 6797
83899 6798
83901 1
83922 8395
83953 8395
83960 1
83983 6798
83992 1
83995 1
84007 6797
84013 8396
84020 1
84038 8396
84177 6797
84195 6798
84207 8395
84208 8396
84223 8396
84228 6798
84230 8396
84256 8396
84265 1
84277 1
84280 8396
84294 1
84337 8396
84340 6798
84386 8395
84398 6798
84410 8396
84436 6797
84442 8396
84445 1
84446 8396
84466 1
84467 1
84475 6798
84478 6798
84493 6798
84501 6798
84514 6798
84520 6797
84521 1
84561 8396
84613 6797
84614 1
84631 6798
84659 6797
84680 8396
84682 6798
84696 8395
84735 6797
84740 1
84743 1
84753 6797
84774 1
84781 8396
84805 8396
84823 1
84825 8395
84835 8395
84872 6797
84890 6798
84911 1
84912 8396
84939 8396
84963 6798
84965 6798
84986 2
84994 8396
85007 1
85009 1
85019 6798
85029 1
85048 8396
85049 1
85050 1
85052 8396
85072 6798
85077 8395
85095 8396
85111 6798
85114 8395
85159 1
85164 1
85176 6799
85185 6798
85191 1
85197 1
85204 8395
85217 1
85220 1
85229 6798
85279 6797
85281 6797
85299 8396
85306 6797
85322 6797
85325 6798
85327 8396
85330 1
85331 6797
85362 6797
85365 1
85381 6797
85386 1
85389 1
85392 1
85399 8396
85400 8395
85404 8395
85408 6798
85437 8396
85475 6798
85476 6797
85492 6798
85495 1
85511 1
85537 8396
85551 1
85561 6797
85567 8396
85572 1
85591 15194
85594 6798
85596 8396
85615 1
85622 8395
85641 6798
85672 8396
85705 8397
85746 1
85766 8396
85773 8396
85784 1
85809 8397
85854 15193
85862 6797
85863 1
85875 8395
85883 6797
85895 1
85907 8396
85912 1
85923 1
85929 1
85933 6797
85935 6798
85960 6798
86021 6798
86027 6798
86050 6797
86060 1
86062 6797
86065 8396
86094 6798
86095 1
86103 1
86116 1
86125 1
86141 8396
86143 8395
86148 6798
86183 6799
86191 1
86200 6798
86202 8396
86221 1
86222 15194
86231 8396
86240 8396
86248 6798
86256 8396
86278 8396
86283 8396
86287 1
86294 1
86315 6798
86360 6797
86388 1
86398 8396
86412 8396
86420 1
86455 8396
86478 1
86488 1
86491 1
86495 1
86514 8396
86567 1
86573 1
86578 15194
86593 6798
86594 6797
86600 8395
86618 8396
86647 6797
86648 8397
86650 8395
86652 1
86659 8394
86662 6798
86672 6798
86688 8396
86712 1
86716 8395
86732 1
86785 6798
86790 6798
86803 8395
86820 8395
86827 1
86833 6797
86841 8395
86844 8396
86861 8396
86896 6798
86902 6798
86926 1
86957 8396
86971 6798
86979 8396
87009 6798
87012 6798
87027 1
87049 6797
87073 1
87084 1
87086 6798
87095 15193
87101 13596
87121 6798
87124 1
87130 8396
87143 8396
87164 1
87200 6798
87209 8396
87220 6797
87228 8396
87243 8396
87249 6797
87251 6797
87260 6798
87277 8396
87297 1
87318 8396
87329 8396
87356 6798
87372 1
87377 6798
87404 1
87445 6797
87457 1
87473 8396
87476 16791
87487 1
87491 1
87500 1
87509 8396
87515 8396
87521 1
87528 6798
87555 8396
87569 8396
87571 6798
87575 8396
87582 1
87592 8396
87607 6798
87616 8395
87628 8396
87629 6799
87634 6798
87656 1
87672 1
87694 8396
87701 1
87719 8395
87730 6798
87743 6798
87755 6797
87757 8396
87783 6798
87786 6798
87797 6797
87805 8396
87811 6798
87817 6798
87820 6797
87839 6798
87873 6797
87900 1
87914 8395
87923 6798
87934 1
87936 6797
87942 1
87945 1
87954 6798
87963 8395
87989 13595
88036 15194
88038 8396
88042 6798
88046 1
88062 6798
88079 6798
88084 8396
88090 1
88101 1
88121 1
88126 8396
88163 1
88172 6798
88182 1
88189 6798
88203 6798
88221 6798
88224 8396
88226 6798
88231 1
88234 6797
88246 6797
88249 6798
88250 1
88258 8396
88285 8397
88292 6798
88298 8395
88305 8395
88326 6798
88328 8396
88340 1
88355 8394
88357 8396
88370 8396
88373 6798
88391 8396
88421 6798
88437 1
88447 6798
88455 6798
88459 1
88465 6797
88479 1
88500 8396
88513 1
88514 8396
88519 6798
88531 8396
88535 6798
88538 1
88553 6797
88597 6798
88601 1
88617 6798
88634 8396
88637 8396
88644 8395
88647 1
88665 15192
88683 8396
88693 8396
88711 6798
88718 8396
88720 1
88738 1
88748 6798
88750 8396
88772 6798
88785 8396
88788 6798
88789 1
88842 6797
88845 8395
88853 6797
88882 6798
88910 1
88912 8395
88913 6797
88967 6798
88974 1
88988 8396
88998 1
89005 6798
89021 1
89028 8396
89034 1
89039 8396
89042 1
89050 8396
89052 8395
89053 8396
89054 6798
89075 1
89083 6797
89097 6798
89107 8395
89124 1
89132 1
89148 6798
89163 6798
89177 6798
89193 1
89204 6798
89223 6798
89229 1
89256 8396
89293 6798
89317 6798
89327 6797
89358 6797
89374 6797
89375 8396
89376 8396
89381 6798
89382 8396
89416 6798
89429 6797
89430 8396
89432 16792
89442 1
89450 6797
89451 6798
89453 1
89460 6799
89463 8396
89466 6798
89470 1
89480 15193
89500 1
89522 6797
89531 1
89535 6798
89541 6798
89557 1
89606 6798
89629 1
89646 6798
89669 6798
89680 1
89699 6798
89703 6798
89712 1
89727 1
89755 8396
89756 2
89763 8395
89796 6797
89798 6798
89804 6798
89807 6798
89824 6798
89840 6797
89843 8396
89847 6798
89855 1
89856 1
89866 8396
89892 1
89897 6798
89899 1
89936 8395
89947 1
89948 1
89954 6798
89974 8396
90030 8396
90031 1
90040 1
90069 1
90074 6798
90076 8396
90077 1
90079 8396
90099 1
90104 1
90105 8396
90122 1
90127 1
90136 8395
90144 8396
90153 6798
90162 6798
90168 1
90183 8396
90227 1
90255 8396
90258 6797
90260 6798
90261 8396
90263 8396
90271 1
90290 8396
90294 8395
90315 15194
90341 8396
90344 13596
90379 8396
90386 8396
90394 1
90412 6798
90447 6798
90449 1
90453 6798
90468 6798
90498 8396
90516 6798
90521 8396
90563 6798
90565 1
90576 1
90584 8395
90610 1
90619 6797
90690 1
90695 8396
90719 6798
90720 1
90770 8396
90796 6797
90815 8396
90818 6798
90858 1
90861 6798
90881 8396
90888 1
90915 6798
90920 1
90928 6797
90934 8396
90939 8396
90942 6798
90952 1
90992 1
91000 8396
91001 8396
91013 6797
91014 13594
91026 8396
91035 6798
91040 6798
91054 8396
91061 1
91086 6798
91098 8395
91106 6797
91121 6797
91126 8396
91159 6797
91163 8396
91169 8396
91174 8396
91200 1
91202 6797
91215 8395
91216 6798
91220 8396
91266 8396
91271 8396
91281 6798
91289 6797
91294 1
91302 6798
91314 6797
91318 8396
91333 1
91377 1
91409 8395
91453 1
91464 8396
91472 8395
91493 15193
91530 6798
91541 8396
91547 6797
91555 8395
91562 8396
91565 6798
91576 8396
91585 1
91592 6798
91617 1
91626 6798
91640 6799
91645 1
91651 8397
91654 8396
91663 1
91672 6798
91699 8396
91713 6798
91717 6798
91719 6798
91727 6797
91734 1
91743 1
91759 8395
91779 8396
91787 6799
91799 6798
91803 6797
91843 8396
91866 1
91867 1
91869 1
91899 1
91904 1
91905 6797
91927 1
91976 6798
91993 6797
92005 6798
92033 1
92045 13596
92049 6797
92065 1
92069 6798
92076 8396
92108 2
92113 6798
92126 6797
92137 6798
92154 1
92157 1
92158 6798
92200 1
92201 1
92219 6798
92230 8396
92234 8396
92236 1
92239 6798
92249 6798
92256 6798
92258 6798
92267 1
92287 6798
92291 1
92294 8396
92312 6798
92334 6797
92349 6797
92368 1
92386 8395
92436 1
92440 1
92460 1
92466 1
92474 8396
92486 1
92487 6798
92509 6798
92512 6798
92540 15194
92542 1
92543 1
92546 6798
92561 1
92576 8395
92577 6797
92585 8395
92588 8396
92598 8396
92610 8396
92626 1
92669 6798
92673 1
92675 6799
92678 1
92679 1
92685 8395
92689 8396
92698 1
92702 1
92715 8396
92723 6797
92735 6797
92745 6798
92749 6797
92752 1
92761 1
92785 6798
92790 1
92797 8396
92799 6798
92806 8396
92815 8396
92817 6798
92827 6798
92837 8396
92859 8396
92891 6797
92911 1
92917 1
92928 8396
92937 8396
92941 8395
92944 6798
92959 16792
92982 8396
92997 8395
93007 8396
93035 1
93036 6798
93038 8395
93040 1
93047 6797
93077 6798
93082 8396
93090 8395
93091 8395
93152 8396
93180 1
93186 1
93187 8395
93190 8396
93194 6797
93196 1
93217 8395
93225 6798
93233 1
93267 1
93292 8396
93309 8395
93354 6797
93367 8396
93369 8396
93391 8396
93398 6797
93409 6797
93433 6798
93458 8396
93469 8396
93483 15194
93486 8396
93507 1
93550 6798
93554 6798
93557 1
93564 6798
93575 1
93620 8395
93661 1
93669 6797
93688 8395
93715 6797
93722 1
93723 6798
93765 1
93771 1
93779 1
93781 6798
93808 8396
93820 6798
93894 8396
93918 8396
93935 6798
93947 8396
93958 13596
93983 6797
94004 6798
94043 6798
94065 6798
94067 1
94070 6797
94073 6797
94083 8397
94090 6798
94091 1
94094 1
94116 6798
94130 6798
94141 8396
94160 1
94164 1
94174 8396
94199 1
94205 8395
94217 6798
94222 6798
94224 8396
94234 6798
94295 8396
94300 6798
94306 8396
94325 1
94347 6798
94359 6797
94422 6798
94487 8396
94499 8396
94507 8396
94511 15193
94516 8396
94543 6798
94550 6798
94574 8396
94598 6797
94607 6798
94623 1
94647 8395
94659 8396
94677 6798
94690 8396
94699 1
94787 6798
94788 6798
94789 8396
94797 8395
94835 8396
94845 1
94866 1
94892 6797
94916 1
94930 6797
94937 8395
94938 6798
94939 8396
94945 8395
94955 1
94957 6798
94989 1
94993 1
94999 6798
95009 8395
95012 1
95058 8395
95091 15192
95112 6798
95115 8395
95120 1
95134 6797
95135 8395
95144 8396
95145 6798
95165 1
95168 8396
95172 6798
95176 6798
95198 1
95203 6798
95213 1
95214 6798
95217 6797
95224 6797
95226 6798
95232 6797
95236 1
95238 1
95246 6798
95298 6798
95331 1
95361 1
95380 6798
95383 6798
95396 8394
95400 15193
95445 8395
95454 6798
95464 8396
95467 6798
95470 1
95480 8396
95535 8396
95544 8395
95575 6797
95581 1
95615 6798
95646 8396
95674 1
95688 1
95707 6798
95744 1
95747 1
95773 1
95791 8396
95800 1
95807 6798
95811 8395
95822 6798
95832 8396
95839 1
95853 6797
95884 1
95908 8396
95911 8396
95925 8396
95939 6797
95973 1
95983 1
96003 1
96004 6798
96050 6798
96061 6798
96064 1
96066 8396
96072 8396
96076 6798
96077 1
96087 8396
96095 1
96110 8396
96120 6797
96138 6798
96145 1
96160 6797
96171 1
96182 1
96193 6798
96196 1
96204 6798
96210 8396
96239 1
96242 6798
96278 8396
96307 6797
96316 1
96327 1
96345 6798
96358 8396
96361 6798
96370 6798
96382 6798
96387 1
96417 6798
96418 6797
96426 1
96427 8396
96446 6798
96451 8396
96502 15194
96507 8396
96516 1
96556 6798
96563 6797
96566 8396
96575 6798
96578 8395
96586 6797
96599 8396
96618 1
96625 1
96640 8396
96665 1
96669 1
96684 15194
96709 1
96716 6798
96724 6798
96733 8396
96751 6797
96753 1
96768 8396
96770 1
96772 8397
96790 8395
96828 6798
96829 1
96836 6798
96849 8397
96850 1
96875 1
96876 1
96899 6797
96902 8396
96929 1
96952 8396
96969 6798
96970 1
96977 6798
96993 6798
97036 8395
97051 6797
97057 6798
97067 8396
97076 1
97087 8396
97106 6798
97121 8396
97132 6797
97150 6798
97151 8396
97192 6797
97194 8395
97196 1
97257 6799
97270 1
97301 6798
97302 6798
97313 6798
97320 6798
97335 1
97337 1
97361 6798
97405 1
97410 1
97422 8396
97432 8395
97438 8396
97439 6797
97476 1
97514 1
97525 8396
97552 6798
97556 6798
97558 8396
97634 8396
97653 6798
97705 1
97714 6798
97733 1
97762 1
97779 1
97780 1
97797 6798
97824 1
97837 6798
97843 8395
97844 1
97854 1
97863 8396
97907 6798
97914 8395
97948 6798
97956 8396
97974 6798
97980 8396
97983 6798
97998 1
98005 8396
98029 6798
98034 1
98066 6798
98079 1
98087 6798
98094 1
98100 1
98109 1
98124 8397
98148 6798
98155 8395
98174 8396
98204 6797
98209 6798
98226 6798
98227 6798
98231 6797
98235 1
98270 1
98280 6798
98309 6798
98316 6798
98373 1
98399 6797
98415 8396
98416 8396
98417 6797
98428 8396
98437 1
98446 1
98458 1
98482 8396
98521 8396
98523 1
98532 8396
98533 8395
98539 6797
98543 1
98567 8396
98582 8396
98587 6798
98589 6797
98593 6798
98595 8396
98608 1
98625 1
98635 8396
98720 1
98728 8396
98736 8395
98748 1
98767 1
98788 1
98791 1
98801 6798
98815 8395
98834 1
98888 6798
98891 1
98902 6798
98917 1
98926 8396
98929 6798
98932 1
98947 6797
98956 8396
98959 8396
98971 8396
99014 8396
99027 1
99046 6799
99074 1
99105 8395
99109 1
99116 6797
99120 6798
99129 8396
99132 8396
99133 1
99142 8396
99151 1
99158 1
99179 1
99182 6798
99217 8395
99230 1
99250 8395
99265 1
99276 16792
99285 6798
99286 6798
99308 6798
99342 1
99345 6798
99346 6797
99350 6798
99353 1
99356 6797
99367 6797
99394 6798
99399 6798
99403 6798
99414 8396
99416 1
99431 8396
99476 1
99482 1
99519 6798
99526 8396
99543 6798
99548 6797
99565 6797
99568 6798
99572 6798
99584 1
99601 6797
99602 6798
99631 8396
99648 6798
99660 1
99682 6798
99695 1
99698 6797
99701 6797
99713 1
99717 8395
99718 1
99730 8395
99756 1
99768 6797
99779 8396
99780 6798
99785 6798
99788 1
99794 1
99795 8396
99803 6798
99807 1
99822 8395
99862 6797
99872 13596
99881 15194
99885 6798
99927 6798
99943 1
99956 6799
99962 6797
99982 6798
99989 6798
